# "w" "numerical(real, imag)" "exact(real, imag)"
-4.000000e+01 4.269900e-04 -1.621637e-18 3.968951e-04 0.000000e+00
-3.992000e+01 4.270296e-04 -2.759624e-18 3.984835e-04 0.000000e+00
-3.984000e+01 4.271225e-04 5.480467e-19 4.000814e-04 0.000000e+00
-3.976000e+01 4.272694e-04 1.562787e-18 4.016889e-04 0.000000e+00
-3.968000e+01 4.274713e-04 -2.142969e-19 4.033062e-04 0.000000e+00
-3.960000e+01 4.277294e-04 1.905741e-19 4.049332e-04 0.000000e+00
-3.952000e+01 4.280455e-04 3.515039e-19 4.065701e-04 0.000000e+00
-3.944000e+01 4.284216e-04 -2.202414e-19 4.082169e-04 0.000000e+00
-3.936000e+01 4.288602e-04 -1.390993e-18 4.098737e-04 0.000000e+00
-3.928000e+01 4.293641e-04 -2.211002e-18 4.115406e-04 0.000000e+00
-3.920000e+01 4.299366e-04 -1.688598e-18 4.132177e-04 0.000000e+00
-3.912000e+01 4.305812e-04 -1.027963e-18 4.149051e-04 0.000000e+00
-3.904000e+01 4.313018e-04 -1.421663e-18 4.166028e-04 0.000000e+00
-3.896000e+01 4.321028e-04 -8.536734e-19 4.183110e-04 0.000000e+00
-3.888000e+01 4.329884e-04 2.557085e-18 4.200296e-04 0.000000e+00
-3.880000e+01 4.339631e-04 1.917988e-19 4.217589e-04 0.000000e+00
-3.872000e+01 4.350311e-04 -9.247577e-19 4.234989e-04 0.000000e+00
-3.864000e+01 4.361960e-04 1.020219e-18 4.252496e-04 0.000000e+00
-3.856000e+01 4.374607e-04 3.204602e-18 4.270112e-04 0.000000e+00
-3.848000e+01 4.388267e-04 -2.290421e-18 4.287838e-04 0.000000e+00
-3.840000e+01 4.402935e-04 1.460694e-18 4.305674e-04 0.000000e+00
-3.832000e+01 4.418587e-04 2.913227e-18 4.323622e-04 0.000000e+00
-3.824000e+01 4.435171e-04 5.370970e-18 4.341682e-04 0.000000e+00
-3.816000e+01 4.452612e-04 -3.700057e-18 4.359855e-04 0.000000e+00
-3.808000e+01 4.470807e-04 -2.656259e-18 4.378143e-04 0.000000e+00
-3.800000e+01 4.489640e-04 1.302399e-18 4.396545e-04 0.000000e+00
-3.792000e+01 4.508983e-04 3.606419e-18 4.415064e-04 0.000000e+00
-3.784000e+01 4.528707e-04 1.879985e-19 4.433700e-04 0.000000e+00
-3.776000e+01 4.548692e-04 7.343625e-18 4.452454e-04 0.000000e+00
-3.768000e+01 4.568836e-04 3.806889e-18 4.471328e-04 0.000000e+00
-3.760000e+01 4.589055e-04 3.041397e-18 4.490321e-04 0.000000e+00
-3.752000e+01 4.609285e-04 -3.891478e-18 4.509436e-04 0.000000e+00
-3.744000e+01 4.629485e-04 2.618564e-18 4.528673e-04 0.000000e+00
-3.736000e+01 4.649629e-04 6.564733e-18 4.548033e-04 0.000000e+00
-3.728000e+01 4.669707e-04 7.367144e-18 4.567517e-04 0.000000e+00
-3.720000e+01 4.689717e-04 2.706068e-18 4.587127e-04 0.000000e+00
-3.712000e+01 4.709666e-04 4.161565e-18 4.606863e-04 0.000000e+00
-3.704000e+01 4.729566e-04 6.868365e-20 4.626726e-04 0.000000e+00
-3.696000e+01 4.749431e-04 6.568306e-18 4.646719e-04 0.000000e+00
-3.688000e+01 4.769278e-04 -3.872630e-18 4.666841e-04 0.000000e+00
-3.680000e+01 4.789122e-04 3.214024e-18 4.687093e-04 0.000000e+00
-3.672000e+01 4.808981e-04 2.579649e-18 4.707478e-04 0.000000e+00
-3.664000e+01 4.828868e-04 6.269631e-19 4.727996e-04 0.000000e+00
-3.656000e+01 4.848800e-04 -4.682080e-18 4.748648e-04 0.000000e+00
-3.648000e+01 4.868788e-04 2.077939e-18 4.769436e-04 0.000000e+00
-3.640000e+01 4.888845e-04 -3.419126e-18 4.790361e-04 0.000000e+00
-3.632000e+01 4.908982e-04 -2.573791e-19 4.811423e-04 0.000000e+00
-3.624000e+01 4.929210e-04 -7.619921e-19 4.832624e-04 0.000000e+00
-3.616000e+01 4.949536e-04 1.176861e-18 4.853966e-04 0.000000e+00
-3.608000e+01 4.969970e-04 2.753137e-18 4.875449e-04 0.000000e+00
-3.600000e+01 4.990518e-04 -1.713967e-18 4.897075e-04 0.000000e+00
-3.592000e+01 5.011188e-04 -6.897209e-18 4.918845e-04 0.000000e+00
-3.584000e+01 5.031985e-04 -6.559369e-19 4.940761e-04 0.000000e+00
-3.576000e+01 5.052914e-04 -2.255041e-18 4.962823e-04 0.000000e+00
-3.568000e+01 5.073981e-04 4.162151e-18 4.985033e-04 0.000000e+00
-3.560000e+01 5.095191e-04 -6.896056e-18 5.007392e-04 0.000000e+00
-3.552000e+01 5.116546e-04 8.048626e-18 5.029902e-04 0.000000e+00
-3.544000e+01 5.138052e-04 -2.130943e-18 5.052564e-04 0.000000e+00
-3.536000e+01 5.159711e-04 3.193762e-18 5.075379e-04 0.000000e+00
-3.528000e+01 5.181526e-04 -9.385085e-18 5.098349e-04 0.000000e+00
-3.520000e+01 5.203502e-04 -4.277357e-18 5.121475e-04 0.000000e+00
-3.512000e+01 5.225640e-04 -2.244361e-18 5.144758e-04 0.000000e+00
-3.504000e+01 5.247943e-04 -4.123076e-18 5.168201e-04 0.000000e+00
-3.496000e+01 5.270414e-04 -2.790018e-18 5.191803e-04 0.000000e+00
-3.488000e+01 5.293055e-04 -3.355791e-18 5.215568e-04 0.000000e+00
-3.480000e+01 5.315868e-04 -6.640074e-18 5.239496e-04 0.000000e+00
-3.472000e+01 5.338856e-04 -5.330292e-18 5.263589e-04 0.000000e+00
-3.464000e+01 5.362020e-04 -7.639558e-18 5.287849e-04 0.000000e+00
-3.456000e+01 5.385363e-04 -3.241307e-18 5.312276e-04 0.000000e+00
-3.448000e+01 5.408886e-04 1.300548e-18 5.336873e-04 0.000000e+00
-3.440000e+01 5.432592e-04 -4.429199e-18 5.361641e-04 0.000000e+00
-3.432000e+01 5.456481e-04 -1.999815e-18 5.386581e-04 0.000000e+00
-3.424000e+01 5.480557e-04 -4.296926e-18 5.411696e-04 0.000000e+00
-3.416000e+01 5.504821e-04 -4.068982e-18 5.436986e-04 0.000000e+00
-3.408000e+01 5.529275e-04 2.919014e-18 5.462454e-04 0.000000e+00
-3.400000e+01 5.553919e-04 -5.620745e-18 5.488101e-04 0.000000e+00
-3.392000e+01 5.578757e-04 -3.822070e-19 5.513929e-04 0.000000e+00
-3.384000e+01 5.603790e-04 -3.326750e-18 5.539940e-04 0.000000e+00
-3.376000e+01 5.629020e-04 -3.182400e-18 5.566135e-04 0.000000e+00
-3.368000e+01 5.654448e-04 -4.402404e-18 5.592516e-04 0.000000e+00
-3.360000e+01 5.680075e-04 -3.484055e-18 5.619084e-04 0.000000e+00
-3.352000e+01 5.705905e-04 6.469774e-19 5.645842e-04 0.000000e+00
-3.344000e+01 5.731938e-04 -3.524162e-18 5.672792e-04 0.000000e+00
-3.336000e+01 5.758177e-04 -1.069043e-17 5.699935e-04 0.000000e+00
-3.328000e+01 5.784623e-04 -7.185081e-18 5.727272e-04 0.000000e+00
-3.320000e+01 5.811277e-04 3.879046e-18 5.754807e-04 0.000000e+00
-3.312000e+01 5.838142e-04 -2.684127e-18 5.782540e-04 0.000000e+00
-3.304000e+01 5.865220e-04 -1.894067e-18 5.810475e-04 0.000000e+00
-3.296000e+01 5.892512e-04 7.305464e-18 5.838611e-04 0.000000e+00
-3.288000e+01 5.920019e-04 3.025447e-19 5.866953e-04 0.000000e+00
-3.280000e+01 5.947745e-04 -1.296195e-18 5.895501e-04 0.000000e+00
-3.272000e+01 5.975691e-04 -8.811582e-18 5.924258e-04 0.000000e+00
-3.264000e+01 6.003858e-04 -9.439419e-18 5.953225e-04 0.000000e+00
-3.256000e+01 6.032249e-04 4.169424e-18 5.982405e-04 0.000000e+00
-3.248000e+01 6.060866e-04 2.813420e-18 6.011800e-04 0.000000e+00
-3.240000e+01 6.089710e-04 -1.120300e-17 6.041411e-04 0.000000e+00
-3.232000e+01 6.118784e-04 6.820869e-18 6.071242e-04 0.000000e+00
-3.224000e+01 6.148090e-04 -1.157638e-17 6.101294e-04 0.000000e+00
-3.216000e+01 6.177629e-04 3.035113e-18 6.131570e-04 0.000000e+00
-3.208000e+01 6.207404e-04 -4.688832e-18 6.162071e-04 0.000000e+00
-3.200000e+01 6.237416e-04 -5.206241e-18 6.192799e-04 0.000000e+00
-3.192000e+01 6.267669e-04 -5.515891e-19 6.223758e-04 0.000000e+00
-3.184000e+01 6.298164e-04 1.533371e-18 6.254950e-04 0.000000e+00
-3.176000e+01 6.328903e-04 3.854764e-18 6.286376e-04 0.000000e+00
-3.168000e+01 6.359888e-04 4.286564e-18 6.318039e-04 0.000000e+00
-3.160000e+01 6.391122e-04 -3.067128e-18 6.349942e-04 0.000000e+00
-3.152000e+01 6.422608e-04 -1.227893e-18 6.382087e-04 0.000000e+00
-3.144000e+01 6.454346e-04 -3.034789e-18 6.414476e-04 0.000000e+00
-3.136000e+01 6.486341e-04 -1.572867e-18 6.447112e-04 0.000000e+00
-3.128000e+01 6.518593e-04 -1.796964e-18 6.479997e-04 0.000000e+00
-3.120000e+01 6.551106e-04 2.181893e-18 6.513134e-04 0.000000e+00
-3.112000e+01 6.583882e-04 -3.200775e-18 6.546526e-04 0.000000e+00
-3.104000e+01 6.616924e-04 -1.369895e-18 6.580174e-04 0.000000e+00
-3.096000e+01 6.650233e-04 -6.704559e-18 6.614083e-04 0.000000e+00
-3.088000e+01 6.683813e-04 1.025306e-18 6.648254e-04 0.000000e+00
-3.080000e+01 6.717666e-04 -1.726579e-18 6.682690e-04 0.000000e+00
-3.072000e+01 6.751795e-04 2.330843e-18 6.717394e-04 0.000000e+00
-3.064000e+01 6.786202e-04 5.373665e-18 6.752368e-04 0.000000e+00
-3.056000e+01 6.820890e-04 1.176621e-19 6.787616e-04 0.000000e+00
-3.048000e+01 6.855862e-04 6.029163e-19 6.823141e-04 0.000000e+00
-3.040000e+01 6.891121e-04 -1.501341e-18 6.858944e-04 0.000000e+00
-3.032000e+01 6.926669e-04 -6.040887e-19 6.895030e-04 0.000000e+00
-3.024000e+01 6.962509e-04 -4.017326e-19 6.931401e-04 0.000000e+00
-3.016000e+01 6.998644e-04 -2.214370e-18 6.968060e-04 0.000000e+00
-3.008000e+01 7.035078e-04 -1.180049e-18 7.005010e-04 0.000000e+00
-3.000000e+01 7.071813e-04 5.201314e-18 7.042254e-04 0.000000e+00
-2.992000e+01 7.108851e-04 -3.098525e-18 7.079796e-04 0.000000e+00
-2.984000e+01 7.146197e-04 5.561468e-18 7.117638e-04 0.000000e+00
-2.976000e+01 7.183854e-04 3.943906e-18 7.155784e-04 0.000000e+00
-2.968000e+01 7.221823e-04 -1.152724e-18 7.194237e-04 0.000000e+00
-2.960000e+01 7.260110e-04 -1.710593e-18 7.233001e-04 0.000000e+00
-2.952000e+01 7.298716e-04 -3.002164e-18 7.272078e-04 0.000000e+00
-2.944000e+01 7.337645e-04 2.744154e-18 7.311472e-04 0.000000e+00
-2.936000e+01 7.376901e-04 6.534323e-18 7.351186e-04 0.000000e+00
-2.928000e+01 7.416487e-04 5.935849e-18 7.391225e-04 0.000000e+00
-2.920000e+01 7.456407e-04 5.924575e-18 7.431591e-04 0.000000e+00
-2.912000e+01 7.496663e-04 6.776475e-18 7.472288e-04 0.000000e+00
-2.904000e+01 7.537259e-04 2.214566e-18 7.513319e-04 0.000000e+00
-2.896000e+01 7.578200e-04 4.943162e-18 7.554689e-04 0.000000e+00
-2.888000e+01 7.619488e-04 4.050222e-18 7.596402e-04 0.000000e+00
-2.880000e+01 7.661127e-04 1.066644e-17 7.638460e-04 0.000000e+00
-2.872000e+01 7.703122e-04 7.474329e-18 7.680867e-04 0.000000e+00
-2.864000e+01 7.745475e-04 7.907526e-18 7.723629e-04 0.000000e+00
-2.856000e+01 7.788191e-04 -8.550415e-18 7.766747e-04 0.000000e+00
-2.848000e+01 7.831274e-04 3.679374e-18 7.810228e-04 0.000000e+00
-2.840000e+01 7.874727e-04 -2.134330e-18 7.854073e-04 0.000000e+00
-2.832000e+01 7.918555e-04 3.465484e-18 7.898289e-04 0.000000e+00
-2.824000e+01 7.962762e-04 1.573684e-18 7.942878e-04 0.000000e+00
-2.816000e+01 8.007352e-04 -4.824594e-18 7.987845e-04 0.000000e+00
-2.808000e+01 8.052328e-04 -1.470384e-18 8.033195e-04 0.000000e+00
-2.800000e+01 8.097696e-04 1.834875e-18 8.078931e-04 0.000000e+00
-2.792000e+01 8.143460e-04 3.760133e-18 8.125058e-04 0.000000e+00
-2.784000e+01 8.189624e-04 -4.069348e-18 8.171581e-04 0.000000e+00
-2.776000e+01 8.236192e-04 -5.202108e-20 8.218504e-04 0.000000e+00
-2.768000e+01 8.283170e-04 -2.376316e-18 8.265831e-04 0.000000e+00
-2.760000e+01 8.330561e-04 -4.814530e-18 8.313568e-04 0.000000e+00
-2.752000e+01 8.378370e-04 -5.519807e-18 8.361718e-04 0.000000e+00
-2.744000e+01 8.426602e-04 -4.100906e-18 8.410288e-04 0.000000e+00
-2.736000e+01 8.475263e-04 -1.867683e-18 8.459281e-04 0.000000e+00
-2.728000e+01 8.524355e-04 2.990800e-18 8.508703e-04 0.000000e+00
-2.720000e+01 8.573886e-04 -1.045397e-19 8.558558e-04 0.000000e+00
-2.712000e+01 8.623859e-04 -3.212036e-18 8.608852e-04 0.000000e+00
-2.704000e+01 8.674281e-04 -1.366461e-18 8.659590e-04 0.000000e+00
-2.696000e+01 8.725155e-04 -4.676489e-18 8.710776e-04 0.000000e+00
-2.688000e+01 8.776487e-04 9.847742e-19 8.762417e-04 0.000000e+00
-2.680000e+01 8.828283e-04 -2.838954e-18 8.814518e-04 0.000000e+00
-2.672000e+01 8.880548e-04 3.000819e-18 8.867084e-04 0.000000e+00
-2.664000e+01 8.933287e-04 -3.027433e-18 8.920121e-04 0.000000e+00
-2.656000e+01 8.986506e-04 -1.618749e-18 8.973634e-04 0.000000e+00
-2.648000e+01 9.040211e-04 -5.217535e-18 9.027630e-04 0.000000e+00
-2.640000e+01 9.094407e-04 -7.454647e-18 9.082113e-04 0.000000e+00
-2.632000e+01 9.149101e-04 -9.036505e-18 9.137090e-04 0.000000e+00
-2.624000e+01 9.204298e-04 -3.954345e-19 9.192566e-04 0.000000e+00
-2.616000e+01 9.260004e-04 -3.840304e-18 9.248549e-04 0.000000e+00
-2.608000e+01 9.316225e-04 3.496874e-18 9.305043e-04 0.000000e+00
-2.600000e+01 9.372968e-04 -2.855935e-19 9.362055e-04 0.000000e+00
-2.592000e+01 9.430239e-04 2.532918e-20 9.419593e-04 0.000000e+00
-2.584000e+01 9.488043e-04 -8.278817e-18 9.477661e-04 0.000000e+00
-2.576000e+01 9.546389e-04 -1.172556e-18 9.536266e-04 0.000000e+00
-2.568000e+01 9.605282e-04 -9.329491e-18 9.595416e-04 0.000000e+00
-2.560000e+01 9.664729e-04 -4.013684e-18 9.655117e-04 0.000000e+00
-2.552000e+01 9.724736e-04 5.239805e-18 9.715375e-04 0.000000e+00
-2.544000e+01 9.785312e-04 -3.138145e-19 9.776198e-04 0.000000e+00
-2.536000e+01 9.846462e-04 -1.893548e-18 9.837593e-04 0.000000e+00
-2.528000e+01 9.908194e-04 -1.791075e-18 9.899567e-04 0.000000e+00
-2.520000e+01 9.970515e-04 -5.066597e-18 9.962127e-04 0.000000e+00
-2.512000e+01 1.003343e-03 -2.430944e-18 1.002528e-03 0.000000e+00
-2.504000e+01 1.009695e-03 -7.060898e-18 1.008904e-03 0.000000e+00
-2.496000e+01 1.016109e-03 -4.788499e-18 1.015340e-03 0.000000e+00
-2.488000e+01 1.022584e-03 -3.622325e-18 1.021838e-03 0.000000e+00
-2.480000e+01 1.029122e-03 -3.468172e-18 1.028398e-03 0.000000e+00
-2.472000e+01 1.035724e-03 -1.982392e-18 1.035022e-03 0.000000e+00
-2.464000e+01 1.042389e-03 -4.075705e-18 1.041710e-03 0.000000e+00
-2.456000e+01 1.049120e-03 -3.247825e-18 1.048463e-03 0.000000e+00
-2.448000e+01 1.055917e-03 -5.059176e-18 1.055281e-03 0.000000e+00
-2.440000e+01 1.062781e-03 -9.106258e-18 1.062166e-03 0.000000e+00
-2.432000e+01 1.069712e-03 -2.984493e-18 1.069118e-03 0.000000e+00
-2.424000e+01 1.076713e-03 -2.733595e-19 1.076139e-03 0.000000e+00
-2.416000e+01 1.083782e-03 -4.789868e-18 1.083229e-03 0.000000e+00
-2.408000e+01 1.090922e-03 1.364361e-18 1.090389e-03 0.000000e+00
-2.400000e+01 1.098133e-03 -2.937448e-18 1.097620e-03 0.000000e+00
-2.392000e+01 1.105417e-03 -6.439770e-18 1.104923e-03 0.000000e+00
-2.384000e+01 1.112773e-03 -2.992025e-18 1.112300e-03 0.000000e+00
-2.376000e+01 1.120204e-03 -2.713883e-18 1.119750e-03 0.000000e+00
-2.368000e+01 1.127710e-03 -3.456566e-18 1.127275e-03 0.000000e+00
-2.360000e+01 1.135292e-03 -2.003339e-18 1.134876e-03 0.000000e+00
-2.352000e+01 1.142951e-03 2.993351e-19 1.142553e-03 0.000000e+00
-2.344000e+01 1.150689e-03 -2.538773e-18 1.150309e-03 0.000000e+00
-2.336000e+01 1.158505e-03 -1.081261e-18 1.158144e-03 0.000000e+00
-2.328000e+01 1.166403e-03 -5.608066e-18 1.166059e-03 0.000000e+00
-2.320000e+01 1.174381e-03 -5.030341e-18 1.174055e-03 0.000000e+00
-2.312000e+01 1.182442e-03 -8.112833e-18 1.182134e-03 0.000000e+00
-2.304000e+01 1.190587e-03 -2.148909e-18 1.190296e-03 0.000000e+00
-2.296000e+01 1.198816e-03 2.082410e-18 1.198543e-03 0.000000e+00
-2.288000e+01 1.207132e-03 1.129203e-18 1.206875e-03 0.000000e+00
-2.280000e+01 1.215534e-03 -9.808970e-18 1.215294e-03 0.000000e+00
-2.272000e+01 1.224025e-03 1.993430e-19 1.223802e-03 0.000000e+00
-2.264000e+01 1.232606e-03 -6.186855e-18 1.232399e-03 0.000000e+00
-2.256000e+01 1.241277e-03 -6.372125e-19 1.241086e-03 0.000000e+00
-2.248000e+01 1.250041e-03 -3.796474e-18 1.249866e-03 0.000000e+00
-2.240000e+01 1.258898e-03 -2.857228e-18 1.258739e-03 0.000000e+00
-2.232000e+01 1.267850e-03 1.849386e-18 1.267706e-03 0.000000e+00
-2.224000e+01 1.276898e-03 3.412668e-19 1.276770e-03 0.000000e+00
-2.216000e+01 1.286043e-03 -2.631452e-18 1.285930e-03 0.000000e+00
-2.208000e+01 1.295287e-03 -6.661225e-18 1.295189e-03 0.000000e+00
-2.200000e+01 1.304632e-03 -2.075739e-18 1.304549e-03 0.000000e+00
-2.192000e+01 1.314078e-03 3.518272e-18 1.314010e-03 0.000000e+00
-2.184000e+01 1.323627e-03 -1.986472e-18 1.323573e-03 0.000000e+00
-2.176000e+01 1.333281e-03 -3.201724e-19 1.333242e-03 0.000000e+00
-2.168000e+01 1.343041e-03 -3.014950e-18 1.343016e-03 0.000000e+00
-2.160000e+01 1.352909e-03 -3.949455e-18 1.352898e-03 0.000000e+00
-2.152000e+01 1.362887e-03 4.974857e-19 1.362889e-03 0.000000e+00
-2.144000e+01 1.372975e-03 3.219195e-18 1.372991e-03 0.000000e+00
-2.136000e+01 1.383176e-03 1.420686e-18 1.383205e-03 0.000000e+00
-2.128000e+01 1.393491e-03 -6.436016e-18 1.393534e-03 0.000000e+00
-2.120000e+01 1.403921e-03 8.915871e-19 1.403978e-03 0.000000e+00
-2.112000e+01 1.414470e-03 -2.094656e-18 1.414540e-03 0.000000e+00
-2.104000e+01 1.425138e-03 1.059260e-18 1.425220e-03 0.000000e+00
-2.096000e+01 1.435927e-03 3.182175e-18 1.436022e-03 0.000000e+00
-2.088000e+01 1.446839e-03 2.840965e-19 1.446947e-03 0.000000e+00
-2.080000e+01 1.457876e-03 3.108327e-18 1.457997e-03 0.000000e+00
-2.072000e+01 1.469040e-03 -1.550315e-18 1.469173e-03 0.000000e+00
-2.064000e+01 1.480333e-03 2.996904e-18 1.480478e-03 0.000000e+00
-2.056000e+01 1.491756e-03 3.898742e-18 1.491913e-03 0.000000e+00
-2.048000e+01 1.503312e-03 7.290318e-18 1.503481e-03 0.000000e+00
-2.040000e+01 1.515003e-03 1.918254e-18 1.515184e-03 0.000000e+00
-2.032000e+01 1.526831e-03 1.987764e-18 1.527024e-03 0.000000e+00
-2.024000e+01 1.538798e-03 5.878336e-18 1.539002e-03 0.000000e+00
-2.016000e+01 1.550906e-03 3.363776e-18 1.551121e-03 0.000000e+00
-2.008000e+01 1.563157e-03 4.825370e-18 1.563384e-03 0.000000e+00
-2.000000e+01 1.575554e-03 2.177044e-18 1.575792e-03 0.000000e+00
-1.992000e+01 1.588098e-03 -7.914551e-19 1.588347e-03 0.000000e+00
-1.984000e+01 1.600794e-03 7.236171e-18 1.601053e-03 0.000000e+00
-1.976000e+01 1.613641e-03 4.965805e-18 1.613912e-03 0.000000e+00
-1.968000e+01 1.626644e-03 7.366581e-18 1.626925e-03 0.000000e+00
-1.960000e+01 1.639805e-03 2.090927e-18 1.640096e-03 0.000000e+00
-1.952000e+01 1.653125e-03 5.060200e-18 1.653427e-03 0.000000e+00
-1.944000e+01 1.666609e-03 2.086985e-18 1.666921e-03 0.000000e+00
-1.936000e+01 1.680257e-03 1.095838e-17 1.680580e-03 0.000000e+00
-1.928000e+01 1.694074e-03 2.561417e-18 1.694407e-03 0.000000e+00
-1.920000e+01 1.708062e-03 -3.449884e-18 1.708404e-03 0.000000e+00
-1.912000e+01 1.722223e-03 5.240239e-18 1.722575e-03 0.000000e+00
-1.904000e+01 1.736561e-03 3.421864e-18 1.736923e-03 0.000000e+00
-1.896000e+01 1.751078e-03 6.539039e-18 1.751450e-03 0.000000e+00
-1.888000e+01 1.765778e-03 8.691670e-18 1.766159e-03 0.000000e+00
-1.880000e+01 1.780663e-03 5.989495e-18 1.781054e-03 0.000000e+00
-1.872000e+01 1.795737e-03 5.635139e-19 1.796137e-03 0.000000e+00
-1.864000e+01 1.811003e-03 9.495684e-18 1.811411e-03 0.000000e+00
-1.856000e+01 1.826463e-03 2.903793e-19 1.826881e-03 0.000000e+00
-1.848000e+01 1.842122e-03 3.154130e-18 1.842549e-03 0.000000e+00
-1.840000e+01 1.857983e-03 5.330777e-19 1.858418e-03 0.000000e+00
-1.832000e+01 1.874049e-03 7.300337e-18 1.874493e-03 0.000000e+00
-1.824000e+01 1.890323e-03 3.068210e-18 1.890776e-03 0.000000e+00
-1.816000e+01 1.906810e-03 7.574031e-18 1.907272e-03 0.000000e+00
-1.808000e+01 1.923513e-03 -3.461083e-18 1.923983e-03 0.000000e+00
-1.800000e+01 1.940436e-03 4.768225e-19 1.940914e-03 0.000000e+00
-1.792000e+01 1.957582e-03 8.293479e-18 1.958069e-03 0.000000e+00
-1.784000e+01 1.974956e-03 7.367654e-18 1.975451e-03 0.000000e+00
-1.776000e+01 1.992562e-03 9.455782e-18 1.993064e-03 0.000000e+00
-1.768000e+01 2.010403e-03 7.904974e-18 2.010913e-03 0.000000e+00
-1.760000e+01 2.028484e-03 9.271029e-18 2.029002e-03 0.000000e+00
-1.752000e+01 2.046810e-03 6.867224e-18 2.047335e-03 0.000000e+00
-1.744000e+01 2.065383e-03 1.840144e-18 2.065917e-03 0.000000e+00
-1.736000e+01 2.084210e-03 9.071540e-18 2.084752e-03 0.000000e+00
-1.728000e+01 2.103295e-03 5.984752e-18 2.103844e-03 0.000000e+00
-1.720000e+01 2.122642e-03 2.745526e-18 2.123198e-03 0.000000e+00
-1.712000e+01 2.142256e-03 8.364969e-18 2.142820e-03 0.000000e+00
-1.704000e+01 2.162143e-03 3.527125e-18 2.162713e-03 0.000000e+00
-1.696000e+01 2.182306e-03 7.789266e-18 2.182884e-03 0.000000e+00
-1.688000e+01 2.202752e-03 6.015200e-18 2.203337e-03 0.000000e+00
-1.680000e+01 2.223485e-03 1.065406e-18 2.224077e-03 0.000000e+00
-1.672000e+01 2.244511e-03 1.000213e-17 2.245110e-03 0.000000e+00
-1.664000e+01 2.265836e-03 5.374419e-18 2.266441e-03 0.000000e+00
-1.656000e+01 2.287464e-03 7.795570e-18 2.288077e-03 0.000000e+00
-1.648000e+01 2.309403e-03 5.819103e-18 2.310022e-03 0.000000e+00
-1.640000e+01 2.331657e-03 6.494466e-18 2.332282e-03 0.000000e+00
-1.632000e+01 2.354233e-03 4.499432e-18 2.354865e-03 0.000000e+00
-1.624000e+01 2.377137e-03 1.111058e-18 2.377775e-03 0.000000e+00
-1.616000e+01 2.400375e-03 2.156421e-18 2.401020e-03 0.000000e+00
-1.608000e+01 2.423954e-03 1.384315e-17 2.424605e-03 0.000000e+00
-1.600000e+01 2.447880e-03 3.512425e-18 2.448538e-03 0.000000e+00
-1.592000e+01 2.472161e-03 2.528476e-18 2.472825e-03 0.000000e+00
-1.584000e+01 2.496803e-03 7.992286e-18 2.497473e-03 0.000000e+00
-1.576000e+01 2.521814e-03 -2.156900e-18 2.522489e-03 0.000000e+00
-1.568000e+01 2.547200e-03 2.753779e-18 2.547881e-03 0.000000e+00
-1.560000e+01 2.572970e-03 8.582839e-18 2.573657e-03 0.000000e+00
-1.552000e+01 2.599130e-03 4.200547e-18 2.599823e-03 0.000000e+00
-1.544000e+01 2.625690e-03 1.172550e-17 2.626389e-03 0.000000e+00
-1.536000e+01 2.652656e-03 1.406279e-17 2.653361e-03 0.000000e+00
-1.528000e+01 2.680038e-03 3.215656e-18 2.680748e-03 0.000000e+00
-1.520000e+01 2.707844e-03 4.472188e-18 2.708559e-03 0.000000e+00
-1.512000e+01 2.736082e-03 8.848375e-18 2.736803e-03 0.000000e+00
-1.504000e+01 2.764762e-03 2.408724e-18 2.765488e-03 0.000000e+00
-1.496000e+01 2.793892e-03 3.283778e-18 2.794624e-03 0.000000e+00
-1.488000e+01 2.823483e-03 3.270161e-18 2.824220e-03 0.000000e+00
-1.480000e+01 2.853543e-03 4.233512e-19 2.854285e-03 0.000000e+00
-1.472000e+01 2.884084e-03 6.360076e-18 2.884830e-03 0.000000e+00
-1.464000e+01 2.915114e-03 -3.071979e-18 2.915866e-03 0.000000e+00
-1.456000e+01 2.946644e-03 4.977612e-18 2.947401e-03 0.000000e+00
-1.448000e+01 2.978686e-03 4.238967e-19 2.979448e-03 0.000000e+00
-1.440000e+01 3.011250e-03 3.353565e-18 3.012016e-03 0.000000e+00
-1.432000e+01 3.044347e-03 3.086851e-18 3.045118e-03 0.000000e+00
-1.424000e+01 3.077989e-03 -1.052550e-19 3.078766e-03 0.000000e+00
-1.416000e+01 3.112189e-03 4.271937e-18 3.112970e-03 0.000000e+00
-1.408000e+01 3.146958e-03 -1.273643e-18 3.147743e-03 0.000000e+00
-1.400000e+01 3.182309e-03 2.286893e-18 3.183099e-03 0.000000e+00
-1.392000e+01 3.218254e-03 2.506296e-18 3.219049e-03 0.000000e+00
-1.384000e+01 3.254809e-03 -3.112149e-18 3.255608e-03 0.000000e+00
-1.376000e+01 3.291985e-03 2.069603e-18 3.292788e-03 0.000000e+00
-1.368000e+01 3.329797e-03 -2.932903e-18 3.330605e-03 0.000000e+00
-1.360000e+01 3.368259e-03 2.517673e-18 3.369072e-03 0.000000e+00
-1.352000e+01 3.407387e-03 6.159426e-18 3.408204e-03 0.000000e+00
-1.344000e+01 3.447196e-03 -4.571792e-18 3.448017e-03 0.000000e+00
-1.336000e+01 3.487701e-03 -4.459453e-18 3.488526e-03 0.000000e+00
-1.328000e+01 3.528919e-03 2.925570e-18 3.529748e-03 0.000000e+00
-1.320000e+01 3.570867e-03 -2.080743e-18 3.571700e-03 0.000000e+00
-1.312000e+01 3.613561e-03 4.017201e-18 3.614398e-03 0.000000e+00
-1.304000e+01 3.657019e-03 -7.453362e-18 3.657860e-03 0.000000e+00
-1.296000e+01 3.701259e-03 -4.646384e-18 3.702104e-03 0.000000e+00
-1.288000e+01 3.746301e-03 4.781473e-19 3.747150e-03 0.000000e+00
-1.280000e+01 3.792163e-03 -3.639083e-18 3.793016e-03 0.000000e+00
-1.272000e+01 3.838866e-03 -1.574552e-18 3.839722e-03 0.000000e+00
-1.264000e+01 3.886429e-03 -6.318789e-18 3.887289e-03 0.000000e+00
-1.256000e+01 3.934874e-03 6.165710e-18 3.935738e-03 0.000000e+00
-1.248000e+01 3.984223e-03 5.770637e-18 3.985090e-03 0.000000e+00
-1.240000e+01 4.034498e-03 3.742777e-18 4.035369e-03 0.000000e+00
-1.232000e+01 4.085722e-03 -7.773883e-18 4.086596e-03 0.000000e+00
-1.224000e+01 4.137919e-03 1.773639e-17 4.138797e-03 0.000000e+00
-1.216000e+01 4.191113e-03 1.324314e-17 4.191995e-03 0.000000e+00
-1.208000e+01 4.245331e-03 2.677692e-18 4.246215e-03 0.000000e+00
-1.200000e+01 4.300597e-03 7.064282e-18 4.301485e-03 0.000000e+00
-1.192000e+01 4.356939e-03 1.497363e-18 4.357831e-03 0.000000e+00
-1.184000e+01 4.414386e-03 -3.952014e-18 4.415280e-03 0.000000e+00
-1.176000e+01 4.472964e-03 9.641472e-18 4.473862e-03 0.000000e+00
-1.168000e+01 4.532705e-03 2.267377e-18 4.533606e-03 0.000000e+00
-1.160000e+01 4.593638e-03 1.720750e-19 4.594542e-03 0.000000e+00
-1.152000e+01 4.655796e-03 3.400518e-18 4.656703e-03 0.000000e+00
-1.144000e+01 4.719212e-03 -3.264867e-18 4.720121e-03 0.000000e+00
-1.136000e+01 4.783917e-03 -2.417815e-19 4.784830e-03 0.000000e+00
-1.128000e+01 4.849949e-03 -1.016715e-18 4.850865e-03 0.000000e+00
-1.120000e+01 4.917343e-03 1.090018e-18 4.918262e-03 0.000000e+00
-1.112000e+01 4.986135e-03 8.059462e-18 4.987057e-03 0.000000e+00
-1.104000e+01 5.056366e-03 1.075845e-18 5.057290e-03 0.000000e+00
-1.096000e+01 5.128073e-03 1.599199e-18 5.129001e-03 0.000000e+00
-1.088000e+01 5.201300e-03 1.112224e-18 5.202230e-03 0.000000e+00
-1.080000e+01 5.276088e-03 -5.809081e-18 5.277021e-03 0.000000e+00
-1.072000e+01 5.352481e-03 -5.332339e-18 5.353417e-03 0.000000e+00
-1.064000e+01 5.430526e-03 4.826661e-18 5.431464e-03 0.000000e+00
-1.056000e+01 5.510270e-03 -2.051124e-18 5.511211e-03 0.000000e+00
-1.048000e+01 5.591761e-03 1.075452e-18 5.592704e-03 0.000000e+00
-1.040000e+01 5.675051e-03 9.449869e-19 5.675997e-03 0.000000e+00
-1.032000e+01 5.760191e-03 2.794131e-18 5.761140e-03 0.000000e+00
-1.024000e+01 5.847238e-03 -6.733467e-19 5.848189e-03 0.000000e+00
-1.016000e+01 5.936246e-03 -1.064686e-17 5.937199e-03 0.000000e+00
-1.008000e+01 6.027275e-03 -1.470243e-18 6.028231e-03 0.000000e+00
-1.000000e+01 6.120386e-03 4.791696e-20 6.121344e-03 0.000000e+00
-9.920000e+00 6.215641e-03 -4.891897e-18 6.216601e-03 0.000000e+00
-9.840000e+00 6.313106e-03 -2.099052e-18 6.314069e-03 0.000000e+00
-9.760000e+00 6.412849e-03 -2.183874e-19 6.413814e-03 0.000000e+00
-9.680000e+00 6.514940e-03 1.408781e-18 6.515907e-03 0.000000e+00
-9.600000e+00 6.619453e-03 3.465515e-18 6.620422e-03 0.000000e+00
-9.520000e+00 6.726463e-03 -3.348059e-18 6.727434e-03 0.000000e+00
-9.440000e+00 6.836049e-03 2.956002e-18 6.837022e-03 0.000000e+00
-9.360000e+00 6.948293e-03 -3.618834e-18 6.949269e-03 0.000000e+00
-9.280000e+00 7.063282e-03 -2.091986e-18 7.064260e-03 0.000000e+00
-9.200000e+00 7.181102e-03 3.869150e-18 7.182082e-03 0.000000e+00
-9.120000e+00 7.301848e-03 3.059624e-18 7.302829e-03 0.000000e+00
-9.040000e+00 7.425613e-03 4.088009e-18 7.426597e-03 0.000000e+00
-8.960000e+00 7.552499e-03 2.626836e-18 7.553485e-03 0.000000e+00
-8.880000e+00 7.682609e-03 -3.431346e-18 7.683596e-03 0.000000e+00
-8.800000e+00 7.816051e-03 4.489073e-18 7.817040e-03 0.000000e+00
-8.720000e+00 7.952938e-03 8.077199e-19 7.953929e-03 0.000000e+00
-8.640000e+00 8.093387e-03 -2.103545e-18 8.094380e-03 0.000000e+00
-8.560000e+00 8.237521e-03 -1.044672e-18 8.238516e-03 0.000000e+00
-8.480000e+00 8.385466e-03 -1.032305e-18 8.386463e-03 0.000000e+00
-8.400000e+00 8.537357e-03 6.873858e-18 8.538355e-03 0.000000e+00
-8.320000e+00 8.693330e-03 3.689574e-19 8.694331e-03 0.000000e+00
-8.240000e+00 8.853532e-03 -6.406621e-18 8.854534e-03 0.000000e+00
-8.160000e+00 9.018113e-03 2.566241e-18 9.019117e-03 0.000000e+00
-8.080000e+00 9.187230e-03 -2.876543e-18 9.188236e-03 0.000000e+00
-8.000000e+00 9.361048e-03 -1.549832e-18 9.362055e-03 0.000000e+00
-7.920000e+00 9.539739e-03 9.597048e-18 9.540748e-03 0.000000e+00
-7.840000e+00 9.723483e-03 6.249486e-18 9.724493e-03 0.000000e+00
-7.760000e+00 9.912466e-03 7.803947e-18 9.913478e-03 0.000000e+00
-7.680000e+00 1.010689e-02 -2.399449e-18 1.010790e-02 0.000000e+00
-7.600000e+00 1.030695e-02 -3.882599e-18 1.030796e-02 0.000000e+00
-7.520000e+00 1.051287e-02 2.412618e-18 1.051388e-02 0.000000e+00
-7.440000e+00 1.072487e-02 4.716889e-18 1.072588e-02 0.000000e+00
-7.360000e+00 1.094318e-02 4.353458e-18 1.094420e-02 0.000000e+00
-7.280000e+00 1.116806e-02 6.644281e-18 1.116908e-02 0.000000e+00
-7.200000e+00 1.139976e-02 3.293141e-18 1.140078e-02 0.000000e+00
-7.120000e+00 1.163856e-02 1.309356e-17 1.163958e-02 0.000000e+00
-7.040000e+00 1.188473e-02 5.218962e-19 1.188575e-02 0.000000e+00
-6.960000e+00 1.213857e-02 7.975823e-19 1.213959e-02 0.000000e+00
-6.880000e+00 1.240040e-02 2.808860e-18 1.240143e-02 0.000000e+00
-6.800000e+00 1.267054e-02 1.736139e-18 1.267157e-02 0.000000e+00
-6.720000e+00 1.294935e-02 -4.264296e-18 1.295038e-02 0.000000e+00
-6.640000e+00 1.323717e-02 7.963107e-18 1.323820e-02 0.000000e+00
-6.560000e+00 1.353439e-02 4.559092e-18 1.353543e-02 0.000000e+00
-6.480000e+00 1.384142e-02 5.572081e-18 1.384245e-02 0.000000e+00
-6.400000e+00 1.415866e-02 5.273724e-18 1.415969e-02 0.000000e+00
-6.320000e+00 1.448656e-02 -5.448140e-18 1.448760e-02 0.000000e+00
-6.240000e+00 1.482559e-02 4.467071e-18 1.482663e-02 0.000000e+00
-6.160000e+00 1.517623e-02 6.764261e-18 1.517727e-02 0.000000e+00
-6.080000e+00 1.553901e-02 1.152910e-18 1.554005e-02 0.000000e+00
-6.000000e+00 1.591445e-02 2.613899e-18 1.591549e-02 0.000000e+00
-5.920000e+00 1.630315e-02 5.414936e-18 1.630419e-02 0.000000e+00
-5.840000e+00 1.670568e-02 6.509473e-18 1.670672e-02 0.000000e+00
-5.760000e+00 1.712270e-02 5.408227e-18 1.712375e-02 0.000000e+00
-5.680000e+00 1.755488e-02 1.694756e-18 1.755592e-02 0.000000e+00
-5.600000e+00 1.800291e-02 -1.150399e-19 1.800395e-02 0.000000e+00
-5.520000e+00 1.846755e-02 3.536353e-18 1.846859e-02 0.000000e+00
-5.440000e+00 1.894958e-02 -1.309056e-18 1.895063e-02 0.000000e+00
-5.360000e+00 1.944984e-02 6.039401e-18 1.945089e-02 0.000000e+00
-5.280000e+00 1.996921e-02 1.208337e-18 1.997025e-02 0.000000e+00
-5.200000e+00 2.050861e-02 7.810365e-18 2.050966e-02 0.000000e+00
-5.120000e+00 2.106903e-02 1.984875e-18 2.107008e-02 0.000000e+00
-5.040000e+00 2.165150e-02 -3.544324e-18 2.165256e-02 0.000000e+00
-4.960000e+00 2.225714e-02 3.042230e-18 2.225819e-02 0.000000e+00
-4.880000e+00 2.288708e-02 6.037924e-18 2.288814e-02 0.000000e+00
-4.800000e+00 2.354258e-02 2.705402e-18 2.354363e-02 0.000000e+00
-4.720000e+00 2.422492e-02 1.151621e-17 2.422597e-02 0.000000e+00
-4.640000e+00 2.493548e-02 7.040171e-18 2.493654e-02 0.000000e+00
-4.560000e+00 2.567572e-02 9.001664e-18 2.567678e-02 0.000000e+00
-4.480000e+00 2.644719e-02 3.267896e-18 2.644824e-02 0.000000e+00
-4.400000e+00 2.725150e-02 9.325544e-20 2.725256e-02 0.000000e+00
-4.320000e+00 2.809040e-02 7.488043e-18 2.809145e-02 0.000000e+00
-4.240000e+00 2.896570e-02 9.659059e-18 2.896676e-02 0.000000e+00
-4.160000e+00 2.987934e-02 4.912562e-18 2.988040e-02 0.000000e+00
-4.080000e+00 3.083336e-02 1.005825e-17 3.083442e-02 0.000000e+00
-4.000000e+00 3.182993e-02 6.877841e-18 3.183099e-02 0.000000e+00
-3.920000e+00 3.287133e-02 6.062499e-18 3.287239e-02 0.000000e+00
-3.840000e+00 3.395996e-02 7.079858e-18 3.396102e-02 0.000000e+00
-3.760000e+00 3.509839e-02 -4.349713e-18 3.509945e-02 0.000000e+00
-3.680000e+00 3.628929e-02 -1.559705e-18 3.629035e-02 0.000000e+00
-3.600000e+00 3.753548e-02 8.798126e-18 3.753654e-02 0.000000e+00
-3.520000e+00 3.883995e-02 -3.157138e-18 3.884102e-02 0.000000e+00
-3.440000e+00 4.020582e-02 3.456336e-19 4.020689e-02 0.000000e+00
-3.360000e+00 4.163637e-02 1.801401e-18 4.163744e-02 0.000000e+00
-3.280000e+00 4.313503e-02 8.712067e-18 4.313610e-02 0.000000e+00
-3.200000e+00 4.470538e-02 7.354210e-18 4.470644e-02 0.000000e+00
-3.120000e+00 4.635114e-02 -4.136191e-18 4.635221e-02 0.000000e+00
-3.040000e+00 4.807619e-02 -2.137750e-18 4.807725e-02 0.000000e+00
-2.960000e+00 4.988451e-02 1.071695e-17 4.988558e-02 0.000000e+00
-2.880000e+00 5.178021e-02 2.663835e-18 5.178128e-02 0.000000e+00
-2.800000e+00 5.376750e-02 7.442633e-18 5.376856e-02 0.000000e+00
-2.720000e+00 5.585061e-02 4.222786e-18 5.585168e-02 0.000000e+00
-2.640000e+00 5.803385e-02 6.603587e-18 5.803491e-02 0.000000e+00
-2.560000e+00 6.032146e-02 5.213415e-18 6.032252e-02 0.000000e+00
-2.480000e+00 6.271762e-02 8.178270e-19 6.271869e-02 0.000000e+00
-2.400000e+00 6.522637e-02 2.177016e-18 6.522744e-02 0.000000e+00
-2.320000e+00 6.785148e-02 1.167394e-17 6.785255e-02 0.000000e+00
-2.240000e+00 7.059640e-02 -1.144953e-18 7.059747e-02 0.000000e+00
-2.160000e+00 7.346410e-02 3.442603e-18 7.346517e-02 0.000000e+00
-2.080000e+00 7.645692e-02 -2.111735e-18 7.645799e-02 0.000000e+00
-2.000000e+00 7.957640e-02 2.429967e-18 7.957747e-02 0.000000e+00
-1.920000e+00 8.282311e-02 -6.918782e-20 8.282418e-02 0.000000e+00
-1.840000e+00 8.619637e-02 -4.986496e-18 8.619743e-02 0.000000e+00
-1.760000e+00 8.969401e-02 7.653303e-18 8.969508e-02 0.000000e+00
-1.680000e+00 9.331210e-02 1.204617e-17 9.331317e-02 0.000000e+00
-1.600000e+00 9.704463e-02 3.692615e-18 9.704570e-02 0.000000e+00
-1.520000e+00 1.008831e-01 7.557218e-18 1.008842e-01 0.000000e+00
-1.440000e+00 1.048165e-01 1.719164e-18 1.048175e-01 0.000000e+00
-1.360000e+00 1.088303e-01 -2.488511e-18 1.088313e-01 0.000000e+00
-1.280000e+00 1.129068e-01 5.149548e-18 1.129079e-01 0.000000e+00
-1.200000e+00 1.170246e-01 -1.152068e-17 1.170257e-01 0.000000e+00
-1.120000e+00 1.211583e-01 6.492121e-20 1.211594e-01 0.000000e+00
-1.040000e+00 1.252783e-01 1.565864e-17 1.252794e-01 0.000000e+00
-9.600000e-01 1.293511e-01 -7.568479e-19 1.293522e-01 0.000000e+00
-8.800000e-01 1.333392e-01 7.851926e-18 1.333403e-01 0.000000e+00
-8.000000e-01 1.372015e-01 4.440379e-18 1.372025e-01 0.000000e+00
-7.200000e-01 1.408939e-01 -3.486185e-18 1.408950e-01 0.000000e+00
-6.400000e-01 1.443702e-01 5.084759e-18 1.443713e-01 0.000000e+00
-5.600000e-01 1.475833e-01 -1.383909e-17 1.475843e-01 0.000000e+00
-4.800000e-01 1.504858e-01 -6.623094e-18 1.504869e-01 0.000000e+00
-4.000000e-01 1.530325e-01 2.301429e-17 1.530336e-01 0.000000e+00
-3.200000e-01 1.551812e-01 -4.655838e-18 1.551823e-01 0.000000e+00
-2.400000e-01 1.568946e-01 -2.472004e-19 1.568956e-01 0.000000e+00
-1.600000e-01 1.581418e-01 6.710233e-19 1.581428e-01 0.000000e+00
-8.000000e-02 1.588996e-01 -2.239202e-18 1.589007e-01 0.000000e+00
0.000000e+00 1.591539e-01 -2.833436e-18 1.591549e-01 0.000000e+00
8.000000e-02 1.588996e-01 -1.564212e-17 1.589007e-01 0.000000e+00
1.600000e-01 1.581418e-01 -5.369746e-18 1.581428e-01 0.000000e+00
2.400000e-01 1.568946e-01 1.228644e-17 1.568956e-01 0.000000e+00
3.200000e-01 1.551812e-01 -4.587250e-18 1.551823e-01 0.000000e+00
4.000000e-01 1.530325e-01 -4.476819e-18 1.530336e-01 0.000000e+00
4.800000e-01 1.504858e-01 -9.426074e-20 1.504869e-01 0.000000e+00
5.600000e-01 1.475833e-01 -3.439012e-18 1.475843e-01 0.000000e+00
6.400000e-01 1.443702e-01 -1.096154e-17 1.443713e-01 0.000000e+00
7.200000e-01 1.408939e-01 -1.608711e-17 1.408950e-01 0.000000e+00
8.000000e-01 1.372015e-01 2.116860e-18 1.372025e-01 0.000000e+00
8.800000e-01 1.333392e-01 2.311713e-18 1.333403e-01 0.000000e+00
9.600000e-01 1.293511e-01 -1.255908e-18 1.293522e-01 0.000000e+00
1.040000e+00 1.252783e-01 -5.833351e-18 1.252794e-01 0.000000e+00
1.120000e+00 1.211583e-01 -1.082090e-17 1.211594e-01 0.000000e+00
1.200000e+00 1.170246e-01 -1.277331e-17 1.170257e-01 0.000000e+00
1.280000e+00 1.129068e-01 -1.240255e-17 1.129079e-01 0.000000e+00
1.360000e+00 1.088303e-01 -8.459863e-18 1.088313e-01 0.000000e+00
1.440000e+00 1.048165e-01 7.826145e-19 1.048175e-01 0.000000e+00
1.520000e+00 1.008831e-01 -4.185048e-18 1.008842e-01 0.000000e+00
1.600000e+00 9.704463e-02 -4.818023e-18 9.704570e-02 0.000000e+00
1.680000e+00 9.331210e-02 -9.811328e-18 9.331317e-02 0.000000e+00
1.760000e+00 8.969401e-02 -3.951877e-18 8.969508e-02 0.000000e+00
1.840000e+00 8.619637e-02 -9.347387e-18 8.619743e-02 0.000000e+00
1.920000e+00 8.282311e-02 -1.264442e-18 8.282418e-02 0.000000e+00
2.000000e+00 7.957640e-02 -1.242755e-17 7.957747e-02 0.000000e+00
2.080000e+00 7.645692e-02 -2.324976e-20 7.645799e-02 0.000000e+00
2.160000e+00 7.346410e-02 -1.297447e-18 7.346517e-02 0.000000e+00
2.240000e+00 7.059640e-02 1.463846e-18 7.059747e-02 0.000000e+00
2.320000e+00 6.785148e-02 -1.177363e-17 6.785255e-02 0.000000e+00
2.400000e+00 6.522637e-02 -1.964167e-18 6.522744e-02 0.000000e+00
2.480000e+00 6.271762e-02 -2.060295e-18 6.271869e-02 0.000000e+00
2.560000e+00 6.032146e-02 -5.487829e-18 6.032252e-02 0.000000e+00
2.640000e+00 5.803385e-02 -3.802792e-18 5.803491e-02 0.000000e+00
2.720000e+00 5.585061e-02 -9.109211e-18 5.585168e-02 0.000000e+00
2.800000e+00 5.376750e-02 2.267972e-19 5.376856e-02 0.000000e+00
2.880000e+00 5.178021e-02 -9.068472e-18 5.178128e-02 0.000000e+00
2.960000e+00 4.988451e-02 -4.929084e-18 4.988558e-02 0.000000e+00
3.040000e+00 4.807619e-02 -1.029459e-17 4.807725e-02 0.000000e+00
3.120000e+00 4.635114e-02 -6.911431e-18 4.635221e-02 0.000000e+00
3.200000e+00 4.470538e-02 -4.104849e-18 4.470644e-02 0.000000e+00
3.280000e+00 4.313503e-02 -2.546889e-18 4.313610e-02 0.000000e+00
3.360000e+00 4.163637e-02 2.604276e-18 4.163744e-02 0.000000e+00
3.440000e+00 4.020582e-02 -1.066335e-17 4.020689e-02 0.000000e+00
3.520000e+00 3.883995e-02 -3.660954e-18 3.884102e-02 0.000000e+00
3.600000e+00 3.753548e-02 -7.213088e-18 3.753654e-02 0.000000e+00
3.680000e+00 3.628928e-02 -7.185909e-18 3.629035e-02 0.000000e+00
3.760000e+00 3.509839e-02 -1.587774e-17 3.509945e-02 0.000000e+00
3.840000e+00 3.395996e-02 -1.025918e-17 3.396102e-02 0.000000e+00
3.920000e+00 3.287133e-02 -9.928801e-18 3.287239e-02 0.000000e+00
4.000000e+00 3.182993e-02 -6.475739e-18 3.183099e-02 0.000000e+00
4.080000e+00 3.083336e-02 -6.286417e-18 3.083442e-02 0.000000e+00
4.160000e+00 2.987934e-02 -1.353276e-18 2.988040e-02 0.000000e+00
4.240000e+00 2.896570e-02 -2.713503e-18 2.896676e-02 0.000000e+00
4.320000e+00 2.809040e-02 -8.608844e-18 2.809145e-02 0.000000e+00
4.400000e+00 2.725150e-02 -1.045233e-17 2.725256e-02 0.000000e+00
4.480000e+00 2.644719e-02 -8.448136e-18 2.644824e-02 0.000000e+00
4.560000e+00 2.567572e-02 2.574065e-18 2.567678e-02 0.000000e+00
4.640000e+00 2.493548e-02 -6.784541e-18 2.493654e-02 0.000000e+00
4.720000e+00 2.422492e-02 -5.428916e-18 2.422597e-02 0.000000e+00
4.800000e+00 2.354258e-02 -4.082949e-18 2.354363e-02 0.000000e+00
4.880000e+00 2.288708e-02 -1.190165e-17 2.288814e-02 0.000000e+00
4.960000e+00 2.225714e-02 -7.953318e-18 2.225819e-02 0.000000e+00
5.040000e+00 2.165150e-02 -1.002072e-17 2.165256e-02 0.000000e+00
5.120000e+00 2.106903e-02 -6.112018e-18 2.107008e-02 0.000000e+00
5.200000e+00 2.050861e-02 -3.391069e-18 2.050966e-02 0.000000e+00
5.280000e+00 1.996921e-02 -9.293856e-18 1.997025e-02 0.000000e+00
5.360000e+00 1.944984e-02 -6.660246e-18 1.945089e-02 0.000000e+00
5.440000e+00 1.894958e-02 -1.773410e-18 1.895063e-02 0.000000e+00
5.520000e+00 1.846755e-02 -1.200756e-17 1.846859e-02 0.000000e+00
5.600000e+00 1.800291e-02 -5.461715e-18 1.800395e-02 0.000000e+00
5.680000e+00 1.755488e-02 -4.149162e-18 1.755592e-02 0.000000e+00
5.760000e+00 1.712270e-02 -5.639301e-18 1.712375e-02 0.000000e+00
5.840000e+00 1.670568e-02 -4.982986e-19 1.670672e-02 0.000000e+00
5.920000e+00 1.630315e-02 -6.911099e-18 1.630419e-02 0.000000e+00
6.000000e+00 1.591445e-02 -7.009022e-18 1.591549e-02 0.000000e+00
6.080000e+00 1.553901e-02 -3.986000e-18 1.554005e-02 0.000000e+00
6.160000e+00 1.517623e-02 -6.163174e-18 1.517727e-02 0.000000e+00
6.240000e+00 1.482559e-02 -6.068808e-18 1.482663e-02 0.000000e+00
6.320000e+00 1.448656e-02 -9.204664e-18 1.448760e-02 0.000000e+00
6.400000e+00 1.415866e-02 -4.738292e-18 1.415969e-02 0.000000e+00
6.480000e+00 1.384142e-02 6.682969e-18 1.384245e-02 0.000000e+00
6.560000e+00 1.353439e-02 1.057628e-18 1.353543e-02 0.000000e+00
6.640000e+00 1.323717e-02 -5.063959e-18 1.323820e-02 0.000000e+00
6.720000e+00 1.294935e-02 -4.199397e-18 1.295038e-02 0.000000e+00
6.800000e+00 1.267054e-02 -6.211768e-18 1.267157e-02 0.000000e+00
6.880000e+00 1.240040e-02 -1.561505e-18 1.240143e-02 0.000000e+00
6.960000e+00 1.213857e-02 -5.722374e-18 1.213959e-02 0.000000e+00
7.040000e+00 1.188473e-02 -9.607219e-18 1.188575e-02 0.000000e+00
7.120000e+00 1.163856e-02 2.607270e-18 1.163958e-02 0.000000e+00
7.200000e+00 1.139976e-02 -6.377150e-18 1.140078e-02 0.000000e+00
7.280000e+00 1.116806e-02 -7.864065e-18 1.116908e-02 0.000000e+00
7.360000e+00 1.094318e-02 -5.676433e-19 1.094420e-02 0.000000e+00
7.440000e+00 1.072487e-02 -6.211152e-18 1.072588e-02 0.000000e+00
7.520000e+00 1.051287e-02 -3.257928e-18 1.051388e-02 0.000000e+00
7.600000e+00 1.030695e-02 -3.168493e-18 1.030796e-02 0.000000e+00
7.680000e+00 1.010689e-02 -5.561601e-18 1.010790e-02 0.000000e+00
7.760000e+00 9.912466e-03 2.182992e-18 9.913478e-03 0.000000e+00
7.840000e+00 9.723483e-03 -2.021727e-18 9.724493e-03 0.000000e+00
7.920000e+00 9.539739e-03 -1.939030e-18 9.540748e-03 0.000000e+00
8.000000e+00 9.361048e-03 4.894582e-19 9.362055e-03 0.000000e+00
8.080000e+00 9.187230e-03 -1.059026e-17 9.188236e-03 0.000000e+00
8.160000e+00 9.018113e-03 -7.968720e-18 9.019117e-03 0.000000e+00
8.240000e+00 8.853532e-03 -5.153908e-18 8.854534e-03 0.000000e+00
8.320000e+00 8.693330e-03 -3.659800e-18 8.694331e-03 0.000000e+00
8.400000e+00 8.537356e-03 1.215625e-18 8.538355e-03 0.000000e+00
8.480000e+00 8.385466e-03 -3.556488e-18 8.386463e-03 0.000000e+00
8.560000e+00 8.237520e-03 -5.571501e-18 8.238516e-03 0.000000e+00
8.640000e+00 8.093387e-03 -2.635292e-18 8.094380e-03 0.000000e+00
8.720000e+00 7.952937e-03 -4.904459e-18 7.953929e-03 0.000000e+00
8.800000e+00 7.816051e-03 -5.586134e-18 7.817040e-03 0.000000e+00
8.880000e+00 7.682608e-03 -1.039339e-17 7.683596e-03 0.000000e+00
8.960000e+00 7.552499e-03 -4.427564e-18 7.553485e-03 0.000000e+00
9.040000e+00 7.425613e-03 -2.220625e-19 7.426597e-03 0.000000e+00
9.120000e+00 7.301847e-03 -7.479530e-18 7.302829e-03 0.000000e+00
9.200000e+00 7.181102e-03 -2.823851e-18 7.182082e-03 0.000000e+00
9.280000e+00 7.063281e-03 1.074633e-18 7.064260e-03 0.000000e+00
9.360000e+00 6.948293e-03 -1.081509e-17 6.949269e-03 0.000000e+00
9.440000e+00 6.836048e-03 -7.379118e-18 6.837022e-03 0.000000e+00
9.520000e+00 6.726462e-03 -5.587190e-18 6.727434e-03 0.000000e+00
9.600000e+00 6.619452e-03 -6.275016e-18 6.620422e-03 0.000000e+00
9.680000e+00 6.514940e-03 -2.389206e-18 6.515907e-03 0.000000e+00
9.760000e+00 6.412849e-03 -5.580614e-18 6.413814e-03 0.000000e+00
9.840000e+00 6.313106e-03 -1.075358e-17 6.314069e-03 0.000000e+00
9.920000e+00 6.215641e-03 -4.667431e-18 6.216601e-03 0.000000e+00
1.000000e+01 6.120386e-03 -9.565017e-18 6.121344e-03 0.000000e+00
1.008000e+01 6.027275e-03 -5.262923e-18 6.028231e-03 0.000000e+00
1.016000e+01 5.936246e-03 -6.689088e-18 5.937199e-03 0.000000e+00
1.024000e+01 5.847237e-03 -5.899808e-18 5.848189e-03 0.000000e+00
1.032000e+01 5.760191e-03 -3.495410e-18 5.761140e-03 0.000000e+00
1.040000e+01 5.675050e-03 -4.044855e-18 5.675997e-03 0.000000e+00
1.048000e+01 5.591761e-03 -1.146079e-17 5.592704e-03 0.000000e+00
1.056000e+01 5.510270e-03 -6.888692e-18 5.511211e-03 0.000000e+00
1.064000e+01 5.430526e-03 -1.390720e-17 5.431464e-03 0.000000e+00
1.072000e+01 5.352481e-03 -3.592359e-18 5.353417e-03 0.000000e+00
1.080000e+01 5.276088e-03 -3.738376e-18 5.277021e-03 0.000000e+00
1.088000e+01 5.201300e-03 -5.244581e-18 5.202230e-03 0.000000e+00
1.096000e+01 5.128073e-03 -6.843964e-18 5.129001e-03 0.000000e+00
1.104000e+01 5.056365e-03 -5.596340e-18 5.057290e-03 0.000000e+00
1.112000e+01 4.986135e-03 -4.880641e-18 4.987057e-03 0.000000e+00
1.120000e+01 4.917342e-03 -5.461254e-18 4.918262e-03 0.000000e+00
1.128000e+01 4.849949e-03 -1.385026e-17 4.850865e-03 0.000000e+00
1.136000e+01 4.783917e-03 -7.954871e-18 4.784830e-03 0.000000e+00
1.144000e+01 4.719211e-03 -1.946081e-19 4.720121e-03 0.000000e+00
1.152000e+01 4.655796e-03 -6.206350e-18 4.656703e-03 0.000000e+00
1.160000e+01 4.593638e-03 -2.564660e-18 4.594542e-03 0.000000e+00
1.168000e+01 4.532705e-03 -1.606329e-18 4.533606e-03 0.000000e+00
1.176000e+01 4.472964e-03 -1.119361e-17 4.473862e-03 0.000000e+00
1.184000e+01 4.414385e-03 -5.483285e-18 4.415280e-03 0.000000e+00
1.192000e+01 4.356939e-03 -7.323329e-18 4.357831e-03 0.000000e+00
1.200000e+01 4.300597e-03 -2.115465e-18 4.301485e-03 0.000000e+00
1.208000e+01 4.245330e-03 2.756178e-18 4.246215e-03 0.000000e+00
1.216000e+01 4.191113e-03 -3.109739e-18 4.191995e-03 0.000000e+00
1.224000e+01 4.137919e-03 2.892103e-18 4.138797e-03 0.000000e+00
1.232000e+01 4.085722e-03 -1.010076e-18 4.086596e-03 0.000000e+00
1.240000e+01 4.034498e-03 -3.812117e-18 4.035369e-03 0.000000e+00
1.248000e+01 3.984223e-03 -1.672055e-19 3.985090e-03 0.000000e+00
1.256000e+01 3.934874e-03 -6.452757e-19 3.935738e-03 0.000000e+00
1.264000e+01 3.886429e-03 -3.264734e-18 3.887289e-03 0.000000e+00
1.272000e+01 3.838865e-03 -5.053789e-19 3.839722e-03 0.000000e+00
1.280000e+01 3.792163e-03 -6.386003e-19 3.793016e-03 0.000000e+00
1.288000e+01 3.746301e-03 -6.753846e-18 3.747150e-03 0.000000e+00
1.296000e+01 3.701259e-03 2.127466e-18 3.702104e-03 0.000000e+00
1.304000e+01 3.657018e-03 -6.204312e-18 3.657860e-03 0.000000e+00
1.312000e+01 3.613560e-03 -1.431498e-18 3.614398e-03 0.000000e+00
1.320000e+01 3.570866e-03 4.134923e-19 3.571700e-03 0.000000e+00
1.328000e+01 3.528919e-03 6.469696e-18 3.529748e-03 0.000000e+00
1.336000e+01 3.487701e-03 -1.502464e-18 3.488526e-03 0.000000e+00
1.344000e+01 3.447196e-03 -3.964148e-18 3.448017e-03 0.000000e+00
1.352000e+01 3.407387e-03 -4.983576e-19 3.408204e-03 0.000000e+00
1.360000e+01 3.368259e-03 5.228271e-18 3.369072e-03 0.000000e+00
1.368000e+01 3.329796e-03 -1.684242e-18 3.330605e-03 0.000000e+00
1.376000e+01 3.291984e-03 -6.584933e-18 3.292788e-03 0.000000e+00
1.384000e+01 3.254808e-03 1.150344e-18 3.255608e-03 0.000000e+00
1.392000e+01 3.218254e-03 3.903926e-18 3.219049e-03 0.000000e+00
1.400000e+01 3.182308e-03 3.674020e-18 3.183099e-03 0.000000e+00
1.408000e+01 3.146957e-03 -2.199997e-18 3.147743e-03 0.000000e+00
1.416000e+01 3.112188e-03 -5.847060e-19 3.112970e-03 0.000000e+00
1.424000e+01 3.077989e-03 9.573560e-19 3.078766e-03 0.000000e+00
1.432000e+01 3.044346e-03 7.458876e-19 3.045118e-03 0.000000e+00
1.440000e+01 3.011249e-03 -1.022754e-18 3.012016e-03 0.000000e+00
1.448000e+01 2.978685e-03 -5.210218e-20 2.979448e-03 0.000000e+00
1.456000e+01 2.946644e-03 3.253361e-18 2.947401e-03 0.000000e+00
1.464000e+01 2.915113e-03 3.370276e-18 2.915866e-03 0.000000e+00
1.472000e+01 2.884083e-03 1.144054e-18 2.884830e-03 0.000000e+00
1.480000e+01 2.853543e-03 4.738638e-18 2.854285e-03 0.000000e+00
1.488000e+01 2.823482e-03 -5.909344e-18 2.824220e-03 0.000000e+00
1.496000e+01 2.793892e-03 2.333052e-18 2.794624e-03 0.000000e+00
1.504000e+01 2.764761e-03 -3.922488e-18 2.765488e-03 0.000000e+00
1.512000e+01 2.736082e-03 1.524084e-18 2.736803e-03 0.000000e+00
1.520000e+01 2.707843e-03 -2.271100e-18 2.708559e-03 0.000000e+00
1.528000e+01 2.680038e-03 -5.883080e-18 2.680748e-03 0.000000e+00
1.536000e+01 2.652656e-03 1.624804e-18 2.653361e-03 0.000000e+00
1.544000e+01 2.625689e-03 2.702338e-18 2.626389e-03 0.000000e+00
1.552000e+01 2.599130e-03 3.015358e-18 2.599823e-03 0.000000e+00
1.560000e+01 2.572969e-03 5.525177e-18 2.573657e-03 0.000000e+00
1.568000e+01 2.547200e-03 -1.007717e-18 2.547881e-03 0.000000e+00
1.576000e+01 2.521813e-03 1.064413e-17 2.522489e-03 0.000000e+00
1.584000e+01 2.496803e-03 8.975694e-18 2.497473e-03 0.000000e+00
1.592000e+01 2.472161e-03 1.093829e-17 2.472825e-03 0.000000e+00
1.600000e+01 2.447880e-03 8.108952e-18 2.448538e-03 0.000000e+00
1.608000e+01 2.423953e-03 3.408956e-18 2.424605e-03 0.000000e+00
1.616000e+01 2.400374e-03 -2.899872e-18 2.401020e-03 0.000000e+00
1.624000e+01 2.377136e-03 -1.820991e-18 2.377775e-03 0.000000e+00
1.632000e+01 2.354232e-03 2.194301e-18 2.354865e-03 0.000000e+00
1.640000e+01 2.331656e-03 4.217475e-18 2.332282e-03 0.000000e+00
1.648000e+01 2.309402e-03 -5.367644e-20 2.310022e-03 0.000000e+00
1.656000e+01 2.287464e-03 -4.802674e-18 2.288077e-03 0.000000e+00
1.664000e+01 2.265835e-03 -9.225454e-18 2.266441e-03 0.000000e+00
1.672000e+01 2.244511e-03 2.076359e-18 2.245110e-03 0.000000e+00
1.680000e+01 2.223484e-03 4.587935e-18 2.224077e-03 0.000000e+00
1.688000e+01 2.202751e-03 3.786157e-18 2.203337e-03 0.000000e+00
1.696000e+01 2.182306e-03 5.171114e-19 2.182884e-03 0.000000e+00
1.704000e+01 2.162142e-03 -4.177278e-18 2.162713e-03 0.000000e+00
1.712000e+01 2.142256e-03 -1.329158e-19 2.142820e-03 0.000000e+00
1.720000e+01 2.122642e-03 -1.791861e-18 2.123198e-03 0.000000e+00
1.728000e+01 2.103294e-03 5.584012e-18 2.103844e-03 0.000000e+00
1.736000e+01 2.084210e-03 5.254322e-18 2.084752e-03 0.000000e+00
1.744000e+01 2.065383e-03 -4.110325e-18 2.065917e-03 0.000000e+00
1.752000e+01 2.046809e-03 1.325198e-18 2.047335e-03 0.000000e+00
1.760000e+01 2.028483e-03 -4.179300e-18 2.029002e-03 0.000000e+00
1.768000e+01 2.010402e-03 -1.134668e-18 2.010913e-03 0.000000e+00
1.776000e+01 1.992561e-03 2.717527e-18 1.993064e-03 0.000000e+00
1.784000e+01 1.974956e-03 -2.875790e-18 1.975451e-03 0.000000e+00
1.792000e+01 1.957582e-03 1.030732e-18 1.958069e-03 0.000000e+00
1.800000e+01 1.940435e-03 6.927109e-18 1.940914e-03 0.000000e+00
1.808000e+01 1.923512e-03 -5.779070e-18 1.923983e-03 0.000000e+00
1.816000e+01 1.906810e-03 -4.062312e-18 1.907272e-03 0.000000e+00
1.824000e+01 1.890323e-03 9.408347e-19 1.890776e-03 0.000000e+00
1.832000e+01 1.874048e-03 1.095228e-18 1.874493e-03 0.000000e+00
1.840000e+01 1.857982e-03 7.859421e-18 1.858418e-03 0.000000e+00
1.848000e+01 1.842121e-03 -7.716305e-18 1.842549e-03 0.000000e+00
1.856000e+01 1.826462e-03 -1.319210e-18 1.826881e-03 0.000000e+00
1.864000e+01 1.811002e-03 3.275047e-18 1.811411e-03 0.000000e+00
1.872000e+01 1.795736e-03 -3.066675e-18 1.796137e-03 0.000000e+00
1.880000e+01 1.780662e-03 3.501009e-18 1.781054e-03 0.000000e+00
1.888000e+01 1.765777e-03 -1.224408e-18 1.766159e-03 0.000000e+00
1.896000e+01 1.751078e-03 -1.050125e-18 1.751450e-03 0.000000e+00
1.904000e+01 1.736560e-03 -1.152989e-18 1.736923e-03 0.000000e+00
1.912000e+01 1.722222e-03 -7.757835e-18 1.722575e-03 0.000000e+00
1.920000e+01 1.708061e-03 1.990537e-18 1.708404e-03 0.000000e+00
1.928000e+01 1.694073e-03 1.066888e-18 1.694407e-03 0.000000e+00
1.936000e+01 1.680256e-03 1.409488e-18 1.680580e-03 0.000000e+00
1.944000e+01 1.666608e-03 1.235763e-18 1.666921e-03 0.000000e+00
1.952000e+01 1.653124e-03 -2.970061e-18 1.653427e-03 0.000000e+00
1.960000e+01 1.639804e-03 -4.432049e-18 1.640096e-03 0.000000e+00
1.968000e+01 1.626643e-03 -2.724922e-19 1.626925e-03 0.000000e+00
1.976000e+01 1.613640e-03 -1.160249e-17 1.613912e-03 0.000000e+00
1.984000e+01 1.600793e-03 -6.950719e-18 1.601053e-03 0.000000e+00
1.992000e+01 1.588097e-03 3.835415e-18 1.588347e-03 0.000000e+00
2.000000e+01 1.575553e-03 -1.302182e-18 1.575792e-03 0.000000e+00
2.008000e+01 1.563156e-03 1.608503e-18 1.563384e-03 0.000000e+00
2.016000e+01 1.550904e-03 2.311357e-18 1.551121e-03 0.000000e+00
2.024000e+01 1.538797e-03 -1.158206e-17 1.539002e-03 0.000000e+00
2.032000e+01 1.526830e-03 -2.275697e-18 1.527024e-03 0.000000e+00
2.040000e+01 1.515002e-03 -1.134633e-18 1.515184e-03 0.000000e+00
2.048000e+01 1.503311e-03 -3.991850e-18 1.503481e-03 0.000000e+00
2.056000e+01 1.491755e-03 -1.404705e-18 1.491913e-03 0.000000e+00
2.064000e+01 1.480332e-03 -8.310074e-18 1.480478e-03 0.000000e+00
2.072000e+01 1.469039e-03 4.393721e-18 1.469173e-03 0.000000e+00
2.080000e+01 1.457875e-03 -3.140838e-18 1.457997e-03 0.000000e+00
2.088000e+01 1.446838e-03 -2.306093e-18 1.446947e-03 0.000000e+00
2.096000e+01 1.435926e-03 -2.719021e-18 1.436022e-03 0.000000e+00
2.104000e+01 1.425137e-03 -1.701936e-18 1.425220e-03 0.000000e+00
2.112000e+01 1.414469e-03 -4.145494e-18 1.414540e-03 0.000000e+00
2.120000e+01 1.403920e-03 4.668217e-18 1.403978e-03 0.000000e+00
2.128000e+01 1.393489e-03 -1.585713e-18 1.393534e-03 0.000000e+00
2.136000e+01 1.383174e-03 -3.935623e-18 1.383205e-03 0.000000e+00
2.144000e+01 1.372974e-03 -4.092316e-18 1.372991e-03 0.000000e+00
2.152000e+01 1.362885e-03 2.852787e-19 1.362889e-03 0.000000e+00
2.160000e+01 1.352908e-03 -3.917735e-19 1.352898e-03 0.000000e+00
2.168000e+01 1.343040e-03 1.325515e-18 1.343016e-03 0.000000e+00
2.176000e+01 1.333280e-03 -3.269506e-18 1.333242e-03 0.000000e+00
2.184000e+01 1.323626e-03 1.551226e-19 1.323573e-03 0.000000e+00
2.192000e+01 1.314077e-03 2.756935e-18 1.314010e-03 0.000000e+00
2.200000e+01 1.304630e-03 -3.014835e-18 1.304549e-03 0.000000e+00
2.208000e+01 1.295286e-03 2.897595e-19 1.295189e-03 0.000000e+00
2.216000e+01 1.286042e-03 -4.813285e-18 1.285930e-03 0.000000e+00
2.224000e+01 1.276896e-03 -4.495555e-18 1.276770e-03 0.000000e+00
2.232000e+01 1.267848e-03 -1.001059e-18 1.267706e-03 0.000000e+00
2.240000e+01 1.258897e-03 -1.303440e-19 1.258739e-03 0.000000e+00
2.248000e+01 1.250040e-03 5.954582e-19 1.249866e-03 0.000000e+00
2.256000e+01 1.241276e-03 -7.047163e-18 1.241086e-03 0.000000e+00
2.264000e+01 1.232604e-03 -4.799666e-19 1.232399e-03 0.000000e+00
2.272000e+01 1.224024e-03 -2.846069e-18 1.223802e-03 0.000000e+00
2.280000e+01 1.215533e-03 -2.731103e-18 1.215294e-03 0.000000e+00
2.288000e+01 1.207130e-03 6.230900e-19 1.206875e-03 0.000000e+00
2.296000e+01 1.198815e-03 -4.345090e-18 1.198543e-03 0.000000e+00
2.304000e+01 1.190585e-03 -1.687868e-18 1.190296e-03 0.000000e+00
2.312000e+01 1.182440e-03 1.380652e-18 1.182134e-03 0.000000e+00
2.320000e+01 1.174379e-03 -3.891654e-18 1.174055e-03 0.000000e+00
2.328000e+01 1.166401e-03 -2.015788e-18 1.166059e-03 0.000000e+00
2.336000e+01 1.158504e-03 3.847042e-18 1.158144e-03 0.000000e+00
2.344000e+01 1.150687e-03 -1.854676e-18 1.150309e-03 0.000000e+00
2.352000e+01 1.142949e-03 1.993906e-18 1.142553e-03 0.000000e+00
2.360000e+01 1.135290e-03 5.583551e-18 1.134876e-03 0.000000e+00
2.368000e+01 1.127708e-03 3.820757e-19 1.127275e-03 0.000000e+00
2.376000e+01 1.120202e-03 7.611632e-19 1.119750e-03 0.000000e+00
2.384000e+01 1.112771e-03 -1.959109e-18 1.112300e-03 0.000000e+00
2.392000e+01 1.105415e-03 -1.876411e-18 1.104923e-03 0.000000e+00
2.400000e+01 1.098131e-03 3.621925e-19 1.097620e-03 0.000000e+00
2.408000e+01 1.090920e-03 1.476684e-18 1.090389e-03 0.000000e+00
2.416000e+01 1.083780e-03 3.515314e-18 1.083229e-03 0.000000e+00
2.424000e+01 1.076710e-03 -1.545474e-18 1.076139e-03 0.000000e+00
2.432000e+01 1.069710e-03 1.882364e-18 1.069118e-03 0.000000e+00
2.440000e+01 1.062779e-03 6.245761e-18 1.062166e-03 0.000000e+00
2.448000e+01 1.055915e-03 1.708450e-18 1.055281e-03 0.000000e+00
2.456000e+01 1.049118e-03 -7.401883e-19 1.048463e-03 0.000000e+00
2.464000e+01 1.042387e-03 -1.321967e-18 1.041710e-03 0.000000e+00
2.472000e+01 1.035721e-03 1.529448e-18 1.035022e-03 0.000000e+00
2.480000e+01 1.029120e-03 2.737348e-18 1.028398e-03 0.000000e+00
2.488000e+01 1.022582e-03 1.842910e-18 1.021838e-03 0.000000e+00
2.496000e+01 1.016106e-03 9.100257e-19 1.015340e-03 0.000000e+00
2.504000e+01 1.009693e-03 4.325898e-19 1.008904e-03 0.000000e+00
2.512000e+01 1.003341e-03 2.927787e-18 1.002528e-03 0.000000e+00
2.520000e+01 9.970490e-04 -2.430751e-18 9.962127e-04 0.000000e+00
2.528000e+01 9.908168e-04 1.459693e-18 9.899567e-04 0.000000e+00
2.536000e+01 9.846435e-04 7.698703e-18 9.837593e-04 0.000000e+00
2.544000e+01 9.785285e-04 2.181017e-18 9.776198e-04 0.000000e+00
2.552000e+01 9.724709e-04 7.660325e-18 9.715375e-04 0.000000e+00
2.560000e+01 9.664701e-04 4.280286e-18 9.655117e-04 0.000000e+00
2.568000e+01 9.605253e-04 6.798846e-18 9.595416e-04 0.000000e+00
2.576000e+01 9.546360e-04 -4.848899e-18 9.536266e-04 0.000000e+00
2.584000e+01 9.488014e-04 5.915177e-18 9.477661e-04 0.000000e+00
2.592000e+01 9.430209e-04 6.055924e-18 9.419593e-04 0.000000e+00
2.600000e+01 9.372937e-04 7.731240e-18 9.362055e-04 0.000000e+00
2.608000e+01 9.316194e-04 9.975709e-19 9.305043e-04 0.000000e+00
2.616000e+01 9.259972e-04 6.170687e-18 9.248549e-04 0.000000e+00
2.624000e+01 9.204266e-04 -1.714082e-19 9.192566e-04 0.000000e+00
2.632000e+01 9.149068e-04 7.032735e-18 9.137090e-04 0.000000e+00
2.640000e+01 9.094374e-04 7.592997e-19 9.082113e-04 0.000000e+00
2.648000e+01 9.040177e-04 -1.633745e-18 9.027630e-04 0.000000e+00
2.656000e+01 8.986471e-04 8.947595e-18 8.973634e-04 0.000000e+00
2.664000e+01 8.933252e-04 2.348390e-18 8.920121e-04 0.000000e+00
2.672000e+01 8.880512e-04 7.930953e-18 8.867084e-04 0.000000e+00
2.680000e+01 8.828246e-04 8.029101e-18 8.814518e-04 0.000000e+00
2.688000e+01 8.776450e-04 4.653389e-18 8.762417e-04 0.000000e+00
2.696000e+01 8.725117e-04 3.098550e-18 8.710776e-04 0.000000e+00
2.704000e+01 8.674242e-04 3.961114e-18 8.659590e-04 0.000000e+00
2.712000e+01 8.623820e-04 4.752146e-18 8.608852e-04 0.000000e+00
2.720000e+01 8.573846e-04 1.563005e-18 8.558558e-04 0.000000e+00
2.728000e+01 8.524314e-04 5.412127e-18 8.508703e-04 0.000000e+00
2.736000e+01 8.475221e-04 4.177725e-18 8.459281e-04 0.000000e+00
2.744000e+01 8.426560e-04 4.967319e-18 8.410288e-04 0.000000e+00
2.752000e+01 8.378326e-04 -3.073056e-19 8.361718e-04 0.000000e+00
2.760000e+01 8.330516e-04 2.977667e-18 8.313568e-04 0.000000e+00
2.768000e+01 8.283124e-04 5.015624e-19 8.265831e-04 0.000000e+00
2.776000e+01 8.236146e-04 6.474708e-19 8.218504e-04 0.000000e+00
2.784000e+01 8.189577e-04 1.068441e-18 8.171581e-04 0.000000e+00
2.792000e+01 8.143412e-04 4.596281e-18 8.125058e-04 0.000000e+00
2.800000e+01 8.097647e-04 3.923885e-18 8.078931e-04 0.000000e+00
2.808000e+01 8.052278e-04 5.029015e-18 8.033195e-04 0.000000e+00
2.816000e+01 8.007301e-04 -5.475167e-19 7.987845e-04 0.000000e+00
2.824000e+01 7.962710e-04 4.900693e-18 7.942878e-04 0.000000e+00
2.832000e+01 7.918502e-04 3.674430e-19 7.898289e-04 0.000000e+00
2.840000e+01 7.874673e-04 -1.475045e-18 7.854073e-04 0.000000e+00
2.848000e+01 7.831218e-04 2.627615e-18 7.810228e-04 0.000000e+00
2.856000e+01 7.788134e-04 9.578441e-18 7.766747e-04 0.000000e+00
2.864000e+01 7.745417e-04 2.976922e-18 7.723629e-04 0.000000e+00
2.872000e+01 7.703062e-04 -6.094640e-20 7.680867e-04 0.000000e+00
2.880000e+01 7.661067e-04 3.095218e-18 7.638460e-04 0.000000e+00
2.888000e+01 7.619426e-04 2.959810e-18 7.596402e-04 0.000000e+00
2.896000e+01 7.578136e-04 2.815818e-18 7.554689e-04 0.000000e+00
2.904000e+01 7.537194e-04 -2.573178e-18 7.513319e-04 0.000000e+00
2.912000e+01 7.496596e-04 1.136559e-19 7.472288e-04 0.000000e+00
2.920000e+01 7.456339e-04 2.467224e-18 7.431591e-04 0.000000e+00
2.928000e+01 7.416418e-04 4.210687e-18 7.391225e-04 0.000000e+00
2.936000e+01 7.376830e-04 4.069826e-18 7.351186e-04 0.000000e+00
2.944000e+01 7.337572e-04 6.299672e-18 7.311472e-04 0.000000e+00
2.952000e+01 7.298641e-04 8.673123e-18 7.272078e-04 0.000000e+00
2.960000e+01 7.260033e-04 5.545461e-18 7.233001e-04 0.000000e+00
2.968000e+01 7.221745e-04 3.204356e-18 7.194237e-04 0.000000e+00
2.976000e+01 7.183773e-04 7.412457e-18 7.155784e-04 0.000000e+00
2.984000e+01 7.146115e-04 9.808805e-18 7.117638e-04 0.000000e+00
2.992000e+01 7.108767e-04 1.636312e-17 7.079796e-04 0.000000e+00
3.000000e+01 7.071726e-04 9.558085e-18 7.042254e-04 0.000000e+00
3.008000e+01 7.034989e-04 9.158772e-18 7.005010e-04 0.000000e+00
3.016000e+01 6.998554e-04 3.178463e-18 6.968060e-04 0.000000e+00
3.024000e+01 6.962416e-04 3.756494e-18 6.931401e-04 0.000000e+00
3.032000e+01 6.926573e-04 5.138575e-18 6.895030e-04 0.000000e+00
3.040000e+01 6.891023e-04 8.714208e-18 6.858944e-04 0.000000e+00
3.048000e+01 6.855761e-04 1.186847e-17 6.823141e-04 0.000000e+00
3.056000e+01 6.820787e-04 7.751541e-18 6.787616e-04 0.000000e+00
3.064000e+01 6.786096e-04 5.138922e-18 6.752368e-04 0.000000e+00
3.072000e+01 6.751686e-04 8.210590e-18 6.717394e-04 0.000000e+00
3.080000e+01 6.717554e-04 5.613769e-18 6.682690e-04 0.000000e+00
3.088000e+01 6.683698e-04 1.119366e-17 6.648254e-04 0.000000e+00
3.096000e+01 6.650115e-04 2.743373e-19 6.614083e-04 0.000000e+00
3.104000e+01 6.616802e-04 5.570740e-18 6.580174e-04 0.000000e+00
3.112000e+01 6.583757e-04 1.027720e-17 6.546526e-04 0.000000e+00
3.120000e+01 6.550978e-04 9.112146e-18 6.513134e-04 0.000000e+00
3.128000e+01 6.518461e-04 1.373982e-17 6.479997e-04 0.000000e+00
3.136000e+01 6.486204e-04 7.040454e-18 6.447112e-04 0.000000e+00
3.144000e+01 6.454206e-04 -1.034746e-18 6.414476e-04 0.000000e+00
3.152000e+01 6.422463e-04 2.113349e-19 6.382087e-04 0.000000e+00
3.160000e+01 6.390973e-04 2.674791e-18 6.349942e-04 0.000000e+00
3.168000e+01 6.359734e-04 5.953508e-18 6.318039e-04 0.000000e+00
3.176000e+01 6.328744e-04 1.444448e-17 6.286376e-04 0.000000e+00
3.184000e+01 6.298000e-04 4.330280e-19 6.254950e-04 0.000000e+00
3.192000e+01 6.267500e-04 4.852147e-18 6.223758e-04 0.000000e+00
3.200000e+01 6.237242e-04 8.652910e-19 6.192799e-04 0.000000e+00
3.208000e+01 6.207224e-04 -3.153674e-18 6.162071e-04 0.000000e+00
3.216000e+01 6.177443e-04 5.870179e-18 6.131570e-04 0.000000e+00
3.224000e+01 6.147898e-04 1.252679e-18 6.101294e-04 0.000000e+00
3.232000e+01 6.118586e-04 -2.652330e-18 6.071242e-04 0.000000e+00
3.240000e+01 6.089505e-04 2.137042e-18 6.041411e-04 0.000000e+00
3.248000e+01 6.060654e-04 -1.227893e-18 6.011800e-04 0.000000e+00
3.256000e+01 6.032030e-04 2.169382e-18 5.982405e-04 0.000000e+00
3.264000e+01 6.003631e-04 1.896580e-18 5.953225e-04 0.000000e+00
3.272000e+01 5.975456e-04 5.141930e-18 5.924258e-04 0.000000e+00
3.280000e+01 5.947501e-04 -4.201921e-19 5.895501e-04 0.000000e+00
3.288000e+01 5.919767e-04 -1.466051e-18 5.866953e-04 0.000000e+00
3.296000e+01 5.892249e-04 -5.025334e-19 5.838611e-04 0.000000e+00
3.304000e+01 5.864948e-04 3.703782e-18 5.810475e-04 0.000000e+00
3.312000e+01 5.837860e-04 2.760030e-18 5.782540e-04 0.000000e+00
3.320000e+01 5.810984e-04 8.755065e-19 5.754807e-04 0.000000e+00
3.328000e+01 5.784318e-04 7.535013e-18 5.727272e-04 0.000000e+00
3.336000e+01 5.757860e-04 1.904218e-18 5.699935e-04 0.000000e+00
3.344000e+01 5.731609e-04 -2.484423e-18 5.672792e-04 0.000000e+00
3.352000e+01 5.705562e-04 -4.601254e-18 5.645842e-04 0.000000e+00
3.360000e+01 5.679718e-04 1.781840e-19 5.619084e-04 0.000000e+00
3.368000e+01 5.654075e-04 -1.417240e-18 5.592516e-04 0.000000e+00
3.376000e+01 5.628631e-04 -1.269094e-18 5.566135e-04 0.000000e+00
3.384000e+01 5.603385e-04 6.242407e-18 5.539940e-04 0.000000e+00
3.392000e+01 5.578335e-04 7.715150e-19 5.513929e-04 0.000000e+00
3.400000e+01 5.553478e-04 -3.472303e-18 5.488101e-04 0.000000e+00
3.408000e+01 5.528813e-04 3.840369e-18 5.462454e-04 0.000000e+00
3.416000e+01 5.504338e-04 -3.545830e-18 5.436986e-04 0.000000e+00
3.424000e+01 5.480052e-04 -1.166861e-17 5.411696e-04 0.000000e+00
3.432000e+01 5.455952e-04 -7.190428e-19 5.386581e-04 0.000000e+00
3.440000e+01 5.432036e-04 -5.180040e-18 5.361641e-04 0.000000e+00
3.448000e+01 5.408303e-04 5.671453e-18 5.336873e-04 0.000000e+00
3.456000e+01 5.384751e-04 3.611516e-18 5.312276e-04 0.000000e+00
3.464000e+01 5.361377e-04 1.330152e-18 5.287849e-04 0.000000e+00
3.472000e+01 5.338179e-04 -1.870407e-18 5.263589e-04 0.000000e+00
3.480000e+01 5.315156e-04 -4.483766e-18 5.239496e-04 0.000000e+00
3.488000e+01 5.292304e-04 -6.233951e-18 5.215568e-04 0.000000e+00
3.496000e+01 5.269622e-04 1.435763e-17 5.191803e-04 0.000000e+00
3.504000e+01 5.247107e-04 6.063538e-19 5.168201e-04 0.000000e+00
3.512000e+01 5.224756e-04 4.917584e-18 5.144758e-04 0.000000e+00
3.520000e+01 5.202567e-04 1.125463e-18 5.121475e-04 0.000000e+00
3.528000e+01 5.180536e-04 -3.319262e-19 5.098349e-04 0.000000e+00
3.536000e+01 5.158660e-04 -3.368176e-18 5.075379e-04 0.000000e+00
3.544000e+01 5.136936e-04 9.905645e-19 5.052564e-04 0.000000e+00
3.552000e+01 5.115360e-04 -6.728967e-18 5.029902e-04 0.000000e+00
3.560000e+01 5.093929e-04 3.069841e-18 5.007392e-04 0.000000e+00
3.568000e+01 5.072636e-04 -3.962831e-21 4.985033e-04 0.000000e+00
3.576000e+01 5.051479e-04 3.308408e-18 4.962823e-04 0.000000e+00
3.584000e+01 5.030451e-04 5.583747e-18 4.940761e-04 0.000000e+00
3.592000e+01 5.009546e-04 1.999063e-18 4.918845e-04 0.000000e+00
3.600000e+01 4.988759e-04 9.675134e-19 4.897075e-04 0.000000e+00
3.608000e+01 4.968082e-04 -1.444037e-18 4.875449e-04 0.000000e+00
3.616000e+01 4.947507e-04 -1.467263e-18 4.853966e-04 0.000000e+00
3.624000e+01 4.927025e-04 3.417426e-18 4.832624e-04 0.000000e+00
3.632000e+01 4.906627e-04 -6.415926e-19 4.811423e-04 0.000000e+00
3.640000e+01 4.886303e-04 2.991726e-18 4.790361e-04 0.000000e+00
3.648000e+01 4.866039e-04 3.153810e-18 4.769436e-04 0.000000e+00
3.656000e+01 4.845823e-04 9.776882e-18 4.748648e-04 0.000000e+00
3.664000e+01 4.825641e-04 -4.469769e-18 4.727996e-04 0.000000e+00
3.672000e+01 4.805478e-04 -2.213370e-18 4.707478e-04 0.000000e+00
3.680000e+01 4.785317e-04 -1.922967e-18 4.687093e-04 0.000000e+00
3.688000e+01 4.765140e-04 -1.707706e-18 4.666841e-04 0.000000e+00
3.696000e+01 4.744930e-04 -5.804142e-19 4.646719e-04 0.000000e+00
3.704000e+01 4.724670e-04 4.756070e-18 4.626726e-04 0.000000e+00
3.712000e+01 4.704344e-04 -9.942796e-20 4.606863e-04 0.000000e+00
3.720000e+01 4.683938e-04 8.111488e-18 4.587127e-04 0.000000e+00
3.728000e+01 4.663446e-04 -1.227570e-18 4.567517e-04 0.000000e+00
3.736000e+01 4.642866e-04 -2.702173e-18 4.548033e-04 0.000000e+00
3.744000e+01 4.622210e-04 -1.510329e-18 4.528673e-04 0.000000e+00
3.752000e+01 4.601502e-04 -1.856508e-18 4.509436e-04 0.000000e+00
3.760000e+01 4.580787e-04 -8.207238e-20 4.490321e-04 0.000000e+00
3.768000e+01 4.560128e-04 5.058123e-18 4.471328e-04 0.000000e+00
3.776000e+01 4.539612e-04 3.635070e-19 4.452454e-04 0.000000e+00
3.784000e+01 4.519346e-04 5.483835e-18 4.433700e-04 0.000000e+00
3.792000e+01 4.499454e-04 -6.586206e-18 4.415064e-04 0.000000e+00
3.800000e+01 4.480069e-04 -2.237157e-18 4.396545e-04 0.000000e+00
3.808000e+01 4.461323e-04 -5.829363e-18 4.378143e-04 0.000000e+00
3.816000e+01 4.443341e-04 -2.640966e-18 4.359855e-04 0.000000e+00
3.824000e+01 4.426227e-04 -6.159886e-18 4.341682e-04 0.000000e+00
3.832000e+01 4.410061e-04 1.295691e-18 4.323622e-04 0.000000e+00
3.840000e+01 4.394896e-04 -4.447365e-18 4.305674e-04 0.000000e+00
3.848000e+01 4.380760e-04 9.029963e-19 4.287838e-04 0.000000e+00
3.856000e+01 4.367658e-04 -3.138145e-19 4.270112e-04 0.000000e+00
3.864000e+01 4.355573e-04 3.093782e-18 4.252496e-04 0.000000e+00
3.872000e+01 4.344478e-04 6.015180e-18 4.234989e-04 0.000000e+00
3.880000e+01 4.334334e-04 1.438616e-18 4.217589e-04 0.000000e+00
3.888000e+01 4.325100e-04 -5.033030e-18 4.200296e-04 0.000000e+00
3.896000e+01 4.316728e-04 2.046401e-18 4.183110e-04 0.000000e+00
3.904000e+01 4.309174e-04 4.752480e-18 4.166028e-04 0.000000e+00
3.912000e+01 4.302395e-04 -1.453921e-18 4.149051e-04 0.000000e+00
3.920000e+01 4.296348e-04 -1.299768e-18 4.132177e-04 0.000000e+00
3.928000e+01 4.290998e-04 -7.186562e-18 4.115406e-04 0.000000e+00
3.936000e+01 4.286310e-04 -1.725770e-19 4.098737e-04 0.000000e+00
3.944000e+01 4.282254e-04 3.691069e-18 4.082169e-04 0.000000e+00
3.952000e+01 4.278805e-04 -1.156048e-18 4.065701e-04 0.000000e+00
3.960000e+01 4.275942e-04 5.205211e-18 4.049332e-04 0.000000e+00
3.968000e+01 4.273646e-04 -2.117131e-18 4.033062e-04 0.000000e+00
3.976000e+01 4.271902e-04 1.603214e-19 4.016889e-04 0.000000e+00
3.984000e+01 4.270701e-04 4.143020e-19 4.000814e-04 0.000000e+00
3.992000e+01 4.270035e-04 -8.176618e-18 3.984835e-04 0.000000e+00
