# "w" "numerical(real, imag)" "exact(real, imag)"
-2.000000e+01 1.744595e-03 -2.167805e-19 1.575792e-03 0.000000e+00
-1.996000e+01 1.744686e-03 1.688786e-19 1.582051e-03 0.000000e+00
-1.992000e+01 1.744906e-03 -7.412130e-19 1.588347e-03 0.000000e+00
-1.988000e+01 1.745255e-03 1.347662e-18 1.594681e-03 0.000000e+00
-1.984000e+01 1.745734e-03 -6.589390e-19 1.601053e-03 0.000000e+00
-1.980000e+01 1.746344e-03 7.096531e-18 1.607463e-03 0.000000e+00
-1.976000e+01 1.747086e-03 -3.584544e-18 1.613912e-03 0.000000e+00
-1.972000e+01 1.747960e-03 1.509510e-18 1.620399e-03 0.000000e+00
-1.968000e+01 1.748968e-03 -3.692179e-18 1.626925e-03 0.000000e+00
-1.964000e+01 1.750111e-03 1.839412e-18 1.633491e-03 0.000000e+00
-1.960000e+01 1.751391e-03 -1.302196e-18 1.640096e-03 0.000000e+00
-1.956000e+01 1.752810e-03 6.723017e-18 1.646742e-03 0.000000e+00
-1.952000e+01 1.754369e-03 -1.952490e-18 1.653427e-03 0.000000e+00
-1.948000e+01 1.756072e-03 2.168502e-18 1.660154e-03 0.000000e+00
-1.944000e+01 1.757919e-03 -1.298285e-18 1.666921e-03 0.000000e+00
-1.940000e+01 1.759914e-03 8.727931e-19 1.673730e-03 0.000000e+00
-1.936000e+01 1.762060e-03 1.306250e-18 1.680580e-03 0.000000e+00
-1.932000e+01 1.764360e-03 -6.934135e-18 1.687472e-03 0.000000e+00
-1.928000e+01 1.766817e-03 -5.412582e-18 1.694407e-03 0.000000e+00
-1.924000e+01 1.769434e-03 1.525919e-18 1.701384e-03 0.000000e+00
-1.920000e+01 1.772215e-03 1.959243e-18 1.708404e-03 0.000000e+00
-1.916000e+01 1.775163e-03 4.558595e-18 1.715468e-03 0.000000e+00
-1.912000e+01 1.778284e-03 -1.075881e-18 1.722575e-03 0.000000e+00
-1.908000e+01 1.781581e-03 -1.506196e-18 1.729727e-03 0.000000e+00
-1.904000e+01 1.785058e-03 -6.062367e-18 1.736923e-03 0.000000e+00
-1.900000e+01 1.788721e-03 4.405049e-19 1.744164e-03 0.000000e+00
-1.896000e+01 1.792572e-03 -1.077584e-18 1.751450e-03 0.000000e+00
-1.892000e+01 1.796618e-03 4.380253e-19 1.758781e-03 0.000000e+00
-1.888000e+01 1.800864e-03 -1.728660e-18 1.766159e-03 0.000000e+00
-1.884000e+01 1.805313e-03 1.521223e-18 1.773583e-03 0.000000e+00
-1.880000e+01 1.809970e-03 2.387942e-18 1.781054e-03 0.000000e+00
-1.876000e+01 1.814841e-03 -3.684231e-18 1.788571e-03 0.000000e+00
-1.872000e+01 1.819929e-03 -1.734154e-18 1.796137e-03 0.000000e+00
-1.868000e+01 1.825238e-03 -8.679168e-19 1.803750e-03 0.000000e+00
-1.864000e+01 1.830773e-03 -2.213284e-19 1.811411e-03 0.000000e+00
-1.860000e+01 1.836535e-03 5.198509e-18 1.819122e-03 0.000000e+00
-1.856000e+01 1.842529e-03 1.188241e-18 1.826881e-03 0.000000e+00
-1.852000e+01 1.848756e-03 2.815563e-18 1.834690e-03 0.000000e+00
-1.848000e+01 1.855216e-03 9.686561e-19 1.842549e-03 0.000000e+00
-1.844000e+01 1.861910e-03 1.507001e-18 1.850458e-03 0.000000e+00
-1.840000e+01 1.868837e-03 9.201693e-19 1.858418e-03 0.000000e+00
-1.836000e+01 1.875995e-03 -4.843784e-18 1.866430e-03 0.000000e+00
-1.832000e+01 1.883379e-03 1.711296e-19 1.874493e-03 0.000000e+00
-1.828000e+01 1.890986e-03 -1.009482e-18 1.882608e-03 0.000000e+00
-1.824000e+01 1.898809e-03 -1.322195e-18 1.890776e-03 0.000000e+00
-1.820000e+01 1.906841e-03 5.324768e-18 1.898997e-03 0.000000e+00
-1.816000e+01 1.915072e-03 -8.144790e-18 1.907272e-03 0.000000e+00
-1.812000e+01 1.923494e-03 1.676833e-18 1.915600e-03 0.000000e+00
-1.808000e+01 1.932094e-03 -4.191765e-18 1.923983e-03 0.000000e+00
-1.804000e+01 1.940862e-03 -3.641415e-18 1.932421e-03 0.000000e+00
-1.800000e+01 1.949786e-03 -3.903180e-18 1.940914e-03 0.000000e+00
-1.796000e+01 1.958851e-03 3.860500e-18 1.949463e-03 0.000000e+00
-1.792000e+01 1.968047e-03 -1.625569e-18 1.958069e-03 0.000000e+00
-1.788000e+01 1.977359e-03 -1.570598e-18 1.966731e-03 0.000000e+00
-1.784000e+01 1.986775e-03 -4.817882e-18 1.975451e-03 0.000000e+00
-1.780000e+01 1.996284e-03 -2.282146e-18 1.984228e-03 0.000000e+00
-1.776000e+01 2.005875e-03 5.854418e-19 1.993064e-03 0.000000e+00
-1.772000e+01 2.015537e-03 -5.809559e-18 2.001959e-03 0.000000e+00
-1.768000e+01 2.025261e-03 -4.759298e-18 2.010913e-03 0.000000e+00
-1.764000e+01 2.035040e-03 1.269389e-18 2.019928e-03 0.000000e+00
-1.760000e+01 2.044865e-03 8.486543e-18 2.029002e-03 0.000000e+00
-1.756000e+01 2.054732e-03 2.302299e-18 2.038138e-03 0.000000e+00
-1.752000e+01 2.064635e-03 -4.283046e-18 2.047335e-03 0.000000e+00
-1.748000e+01 2.074570e-03 9.098736e-19 2.056595e-03 0.000000e+00
-1.744000e+01 2.084534e-03 -6.306992e-18 2.065917e-03 0.000000e+00
-1.740000e+01 2.094526e-03 -1.377044e-18 2.075302e-03 0.000000e+00
-1.736000e+01 2.104544e-03 -5.468974e-18 2.084752e-03 0.000000e+00
-1.732000e+01 2.114587e-03 -3.790426e-18 2.094265e-03 0.000000e+00
-1.728000e+01 2.124655e-03 -5.665094e-18 2.103844e-03 0.000000e+00
-1.724000e+01 2.134749e-03 -2.201309e-18 2.113488e-03 0.000000e+00
-1.720000e+01 2.144869e-03 5.615297e-19 2.123198e-03 0.000000e+00
-1.716000e+01 2.155017e-03 2.429450e-18 2.132975e-03 0.000000e+00
-1.712000e+01 2.165195e-03 1.849157e-19 2.142820e-03 0.000000e+00
-1.708000e+01 2.175403e-03 -9.029181e-18 2.152732e-03 0.000000e+00
-1.704000e+01 2.185643e-03 4.105398e-20 2.162713e-03 0.000000e+00
-1.700000e+01 2.195919e-03 6.182739e-18 2.172764e-03 0.000000e+00
-1.696000e+01 2.206231e-03 1.700599e-19 2.182884e-03 0.000000e+00
-1.692000e+01 2.216582e-03 -1.365546e-18 2.193075e-03 0.000000e+00
-1.688000e+01 2.226975e-03 -1.536406e-18 2.203337e-03 0.000000e+00
-1.684000e+01 2.237411e-03 3.476549e-18 2.213671e-03 0.000000e+00
-1.680000e+01 2.247892e-03 -5.568158e-18 2.224077e-03 0.000000e+00
-1.676000e+01 2.258422e-03 -1.452194e-18 2.234556e-03 0.000000e+00
-1.672000e+01 2.269001e-03 1.679094e-18 2.245110e-03 0.000000e+00
-1.668000e+01 2.279633e-03 -1.679363e-18 2.255738e-03 0.000000e+00
-1.664000e+01 2.290318e-03 3.591922e-18 2.266441e-03 0.000000e+00
-1.660000e+01 2.301061e-03 1.112775e-17 2.277221e-03 0.000000e+00
-1.656000e+01 2.311861e-03 -1.288500e-17 2.288077e-03 0.000000e+00
-1.652000e+01 2.322721e-03 -6.005825e-18 2.299010e-03 0.000000e+00
-1.648000e+01 2.333644e-03 -3.108124e-18 2.310022e-03 0.000000e+00
-1.644000e+01 2.344631e-03 -4.468961e-18 2.321112e-03 0.000000e+00
-1.640000e+01 2.355684e-03 -1.110410e-18 2.332282e-03 0.000000e+00
-1.636000e+01 2.366804e-03 -1.878349e-20 2.343533e-03 0.000000e+00
-1.632000e+01 2.377993e-03 2.800904e-18 2.354865e-03 0.000000e+00
-1.628000e+01 2.389254e-03 -7.864583e-19 2.366278e-03 0.000000e+00
-1.624000e+01 2.400587e-03 1.276385e-19 2.377775e-03 0.000000e+00
-1.620000e+01 2.411994e-03 -5.795080e-18 2.389355e-03 0.000000e+00
-1.616000e+01 2.423477e-03 -1.264934e-18 2.401020e-03 0.000000e+00
-1.612000e+01 2.435037e-03 -6.940819e-18 2.412769e-03 0.000000e+00
-1.608000e+01 2.446676e-03 -4.478948e-18 2.424605e-03 0.000000e+00
-1.604000e+01 2.458395e-03 9.040907e-18 2.436527e-03 0.000000e+00
-1.600000e+01 2.470196e-03 1.221738e-17 2.448538e-03 0.000000e+00
-1.596000e+01 2.482080e-03 1.567293e-18 2.460636e-03 0.000000e+00
-1.592000e+01 2.494048e-03 5.182701e-18 2.472825e-03 0.000000e+00
-1.588000e+01 2.506102e-03 -6.185094e-18 2.485103e-03 0.000000e+00
-1.584000e+01 2.518243e-03 -4.578626e-18 2.497473e-03 0.000000e+00
-1.580000e+01 2.530473e-03 -4.463999e-18 2.509934e-03 0.000000e+00
-1.576000e+01 2.542792e-03 -3.034839e-18 2.522489e-03 0.000000e+00
-1.572000e+01 2.555202e-03 -7.377906e-18 2.535138e-03 0.000000e+00
-1.568000e+01 2.567705e-03 -6.934760e-18 2.547881e-03 0.000000e+00
-1.564000e+01 2.580301e-03 4.458339e-18 2.560721e-03 0.000000e+00
-1.560000e+01 2.592992e-03 5.056350e-19 2.573657e-03 0.000000e+00
-1.556000e+01 2.605778e-03 2.787243e-18 2.586691e-03 0.000000e+00
-1.552000e+01 2.618663e-03 -4.058451e-18 2.599823e-03 0.000000e+00
-1.548000e+01 2.631645e-03 -1.887105e-17 2.613056e-03 0.000000e+00
-1.544000e+01 2.644728e-03 4.758409e-18 2.626389e-03 0.000000e+00
-1.540000e+01 2.657911e-03 -5.825155e-18 2.639823e-03 0.000000e+00
-1.536000e+01 2.671197e-03 -2.126955e-18 2.653361e-03 0.000000e+00
-1.532000e+01 2.684586e-03 -4.851756e-18 2.667002e-03 0.000000e+00
-1.528000e+01 2.698080e-03 1.183481e-18 2.680748e-03 0.000000e+00
-1.524000e+01 2.711680e-03 -4.626187e-18 2.694600e-03 0.000000e+00
-1.520000e+01 2.725387e-03 -1.322713e-18 2.708559e-03 0.000000e+00
-1.516000e+01 2.739202e-03 -7.731365e-18 2.722626e-03 0.000000e+00
-1.512000e+01 2.753127e-03 1.718243e-19 2.736803e-03 0.000000e+00
-1.508000e+01 2.767163e-03 -8.803258e-18 2.751090e-03 0.000000e+00
-1.504000e+01 2.781311e-03 -8.952985e-18 2.765488e-03 0.000000e+00
-1.500000e+01 2.795573e-03 -4.344502e-18 2.779999e-03 0.000000e+00
-1.496000e+01 2.809949e-03 -1.564892e-17 2.794624e-03 0.000000e+00
-1.492000e+01 2.824441e-03 -5.550918e-18 2.809364e-03 0.000000e+00
-1.488000e+01 2.839051e-03 -4.658725e-18 2.824220e-03 0.000000e+00
-1.484000e+01 2.853779e-03 -8.481921e-18 2.839193e-03 0.000000e+00
-1.480000e+01 2.868626e-03 -6.997820e-18 2.854285e-03 0.000000e+00
-1.476000e+01 2.883595e-03 -1.579998e-18 2.869497e-03 0.000000e+00
-1.472000e+01 2.898687e-03 -4.332724e-18 2.884830e-03 0.000000e+00
-1.468000e+01 2.913902e-03 -1.389522e-17 2.900286e-03 0.000000e+00
-1.464000e+01 2.929242e-03 -8.827377e-18 2.915866e-03 0.000000e+00
-1.460000e+01 2.944709e-03 -5.698684e-18 2.931570e-03 0.000000e+00
-1.456000e+01 2.960304e-03 -6.696558e-18 2.947401e-03 0.000000e+00
-1.452000e+01 2.976028e-03 -4.057336e-18 2.963360e-03 0.000000e+00
-1.448000e+01 2.991883e-03 -6.007444e-18 2.979448e-03 0.000000e+00
-1.444000e+01 3.007870e-03 4.212337e-19 2.995666e-03 0.000000e+00
-1.440000e+01 3.023991e-03 7.116326e-18 3.012016e-03 0.000000e+00
-1.436000e+01 3.040246e-03 -8.937444e-18 3.028500e-03 0.000000e+00
-1.432000e+01 3.056638e-03 -6.498739e-18 3.045118e-03 0.000000e+00
-1.428000e+01 3.073168e-03 -1.013739e-17 3.061873e-03 0.000000e+00
-1.424000e+01 3.089838e-03 -7.278078e-18 3.078766e-03 0.000000e+00
-1.420000e+01 3.106648e-03 -1.861914e-18 3.095797e-03 0.000000e+00
-1.416000e+01 3.123602e-03 -1.754051e-18 3.112970e-03 0.000000e+00
-1.412000e+01 3.140699e-03 -9.361308e-18 3.130285e-03 0.000000e+00
-1.408000e+01 3.157942e-03 -7.159825e-18 3.147743e-03 0.000000e+00
-1.404000e+01 3.175332e-03 4.419246e-18 3.165348e-03 0.000000e+00
-1.400000e+01 3.192871e-03 -1.399239e-18 3.183099e-03 0.000000e+00
-1.396000e+01 3.210560e-03 3.233777e-19 3.200999e-03 0.000000e+00
-1.392000e+01 3.228402e-03 -2.674549e-18 3.219049e-03 0.000000e+00
-1.388000e+01 3.246398e-03 -1.202378e-17 3.237252e-03 0.000000e+00
-1.384000e+01 3.264549e-03 -7.401107e-18 3.255608e-03 0.000000e+00
-1.380000e+01 3.282858e-03 -1.240076e-17 3.274119e-03 0.000000e+00
-1.376000e+01 3.301325e-03 -2.246519e-18 3.292788e-03 0.000000e+00
-1.372000e+01 3.319954e-03 -1.857471e-18 3.311616e-03 0.000000e+00
-1.368000e+01 3.338745e-03 -1.056933e-17 3.330605e-03 0.000000e+00
-1.364000e+01 3.357700e-03 -3.335849e-18 3.349756e-03 0.000000e+00
-1.360000e+01 3.376822e-03 -3.128158e-18 3.369072e-03 0.000000e+00
-1.356000e+01 3.396112e-03 -2.481747e-18 3.388554e-03 0.000000e+00
-1.352000e+01 3.415572e-03 -2.520340e-18 3.408204e-03 0.000000e+00
-1.348000e+01 3.435203e-03 -4.747083e-18 3.428024e-03 0.000000e+00
-1.344000e+01 3.455009e-03 -1.536139e-18 3.448017e-03 0.000000e+00
-1.340000e+01 3.474991e-03 5.029646e-19 3.468184e-03 0.000000e+00
-1.336000e+01 3.495151e-03 -8.342394e-18 3.488526e-03 0.000000e+00
-1.332000e+01 3.515490e-03 -4.681889e-18 3.509047e-03 0.000000e+00
-1.328000e+01 3.536012e-03 1.526709e-18 3.529748e-03 0.000000e+00
-1.324000e+01 3.556717e-03 -9.443482e-18 3.550632e-03 0.000000e+00
-1.320000e+01 3.577609e-03 5.142513e-19 3.571700e-03 0.000000e+00
-1.316000e+01 3.598689e-03 5.610612e-19 3.592954e-03 0.000000e+00
-1.312000e+01 3.619960e-03 -1.616807e-18 3.614398e-03 0.000000e+00
-1.308000e+01 3.641424e-03 -1.670708e-17 3.636032e-03 0.000000e+00
-1.304000e+01 3.663082e-03 -1.509429e-17 3.657860e-03 0.000000e+00
-1.300000e+01 3.684938e-03 -6.151684e-18 3.679883e-03 0.000000e+00
-1.296000e+01 3.706993e-03 -4.095663e-18 3.702104e-03 0.000000e+00
-1.292000e+01 3.729251e-03 3.468764e-19 3.724526e-03 0.000000e+00
-1.288000e+01 3.751712e-03 -9.874084e-18 3.747150e-03 0.000000e+00
-1.284000e+01 3.774381e-03 -9.615185e-18 3.769979e-03 0.000000e+00
-1.280000e+01 3.797258e-03 -2.852887e-18 3.793016e-03 0.000000e+00
-1.276000e+01 3.820347e-03 -3.802822e-18 3.816263e-03 0.000000e+00
-1.272000e+01 3.843651e-03 -1.523367e-18 3.839722e-03 0.000000e+00
-1.268000e+01 3.867171e-03 -4.273121e-18 3.863397e-03 0.000000e+00
-1.264000e+01 3.890911e-03 -7.820494e-18 3.887289e-03 0.000000e+00
-1.260000e+01 3.914873e-03 -2.244406e-18 3.911402e-03 0.000000e+00
-1.256000e+01 3.939059e-03 -5.978696e-18 3.935738e-03 0.000000e+00
-1.252000e+01 3.963473e-03 -4.172793e-18 3.960300e-03 0.000000e+00
-1.248000e+01 3.988117e-03 -9.272685e-18 3.985090e-03 0.000000e+00
-1.244000e+01 4.012994e-03 -2.542949e-18 4.010112e-03 0.000000e+00
-1.240000e+01 4.038107e-03 -8.547595e-18 4.035369e-03 0.000000e+00
-1.236000e+01 4.063459e-03 -4.013962e-18 4.060862e-03 0.000000e+00
-1.232000e+01 4.089052e-03 -7.327428e-18 4.086596e-03 0.000000e+00
-1.228000e+01 4.114890e-03 -2.145253e-18 4.112573e-03 0.000000e+00
-1.224000e+01 4.140976e-03 -6.306766e-18 4.138797e-03 0.000000e+00
-1.220000e+01 4.167313e-03 -1.530136e-17 4.165269e-03 0.000000e+00
-1.216000e+01 4.193903e-03 -1.261925e-17 4.191995e-03 0.000000e+00
-1.212000e+01 4.220751e-03 -9.069073e-18 4.218975e-03 0.000000e+00
-1.208000e+01 4.247859e-03 -1.306712e-17 4.246215e-03 0.000000e+00
-1.204000e+01 4.275231e-03 3.791435e-18 4.273717e-03 0.000000e+00
-1.200000e+01 4.302869e-03 -7.762697e-18 4.301485e-03 0.000000e+00
-1.196000e+01 4.330778e-03 -6.850429e-18 4.329522e-03 0.000000e+00
-1.192000e+01 4.358961e-03 -8.916402e-18 4.357831e-03 0.000000e+00
-1.188000e+01 4.387421e-03 -6.381624e-18 4.386415e-03 0.000000e+00
-1.184000e+01 4.416162e-03 -1.023093e-17 4.415280e-03 0.000000e+00
-1.180000e+01 4.445187e-03 -5.897177e-18 4.444427e-03 0.000000e+00
-1.176000e+01 4.474501e-03 -1.056179e-17 4.473862e-03 0.000000e+00
-1.172000e+01 4.504106e-03 -3.426983e-18 4.503586e-03 0.000000e+00
-1.168000e+01 4.534007e-03 -3.016435e-18 4.533606e-03 0.000000e+00
-1.164000e+01 4.564207e-03 -2.092324e-18 4.563923e-03 0.000000e+00
-1.160000e+01 4.594710e-03 -1.003069e-17 4.594542e-03 0.000000e+00
-1.156000e+01 4.625521e-03 -7.928761e-18 4.625468e-03 0.000000e+00
-1.152000e+01 4.656644e-03 -5.346462e-18 4.656703e-03 0.000000e+00
-1.148000e+01 4.688081e-03 -7.378122e-18 4.688253e-03 0.000000e+00
-1.144000e+01 4.719839e-03 -1.032180e-17 4.720121e-03 0.000000e+00
-1.140000e+01 4.751920e-03 -8.706595e-18 4.752312e-03 0.000000e+00
-1.136000e+01 4.784330e-03 -9.224766e-18 4.784830e-03 0.000000e+00
-1.132000e+01 4.817072e-03 -3.012043e-18 4.817680e-03 0.000000e+00
-1.128000e+01 4.850151e-03 -1.151852e-17 4.850865e-03 0.000000e+00
-1.124000e+01 4.883572e-03 -1.116791e-17 4.884391e-03 0.000000e+00
-1.120000e+01 4.917339e-03 -8.491026e-18 4.918262e-03 0.000000e+00
-1.116000e+01 4.951456e-03 -7.147378e-18 4.952482e-03 0.000000e+00
-1.112000e+01 4.985930e-03 -8.354291e-18 4.987057e-03 0.000000e+00
-1.108000e+01 5.020764e-03 1.392166e-20 5.021991e-03 0.000000e+00
-1.104000e+01 5.055963e-03 -8.495390e-18 5.057290e-03 0.000000e+00
-1.100000e+01 5.091533e-03 4.713479e-19 5.092958e-03 0.000000e+00
-1.096000e+01 5.127478e-03 -1.209501e-17 5.129001e-03 0.000000e+00
-1.092000e+01 5.163804e-03 -1.112883e-17 5.165423e-03 0.000000e+00
-1.088000e+01 5.200516e-03 -8.616649e-18 5.202230e-03 0.000000e+00
-1.084000e+01 5.237620e-03 4.121721e-18 5.239427e-03 0.000000e+00
-1.080000e+01 5.275120e-03 -1.121666e-17 5.277021e-03 0.000000e+00
-1.076000e+01 5.313023e-03 -4.334056e-18 5.315015e-03 0.000000e+00
-1.072000e+01 5.351333e-03 1.274875e-18 5.353417e-03 0.000000e+00
-1.068000e+01 5.390058e-03 -4.491425e-19 5.392231e-03 0.000000e+00
-1.064000e+01 5.429202e-03 -4.220111e-18 5.431464e-03 0.000000e+00
-1.060000e+01 5.468772e-03 -1.387414e-17 5.471122e-03 0.000000e+00
-1.056000e+01 5.508773e-03 -4.879136e-18 5.511211e-03 0.000000e+00
-1.052000e+01 5.549213e-03 -7.270188e-18 5.551736e-03 0.000000e+00
-1.048000e+01 5.590096e-03 -7.408608e-18 5.592704e-03 0.000000e+00
-1.044000e+01 5.631430e-03 5.490416e-19 5.634122e-03 0.000000e+00
-1.040000e+01 5.673221e-03 -6.763911e-18 5.675997e-03 0.000000e+00
-1.036000e+01 5.715475e-03 9.667102e-18 5.718333e-03 0.000000e+00
-1.032000e+01 5.758201e-03 -2.259246e-18 5.761140e-03 0.000000e+00
-1.028000e+01 5.801403e-03 -3.459738e-18 5.804422e-03 0.000000e+00
-1.024000e+01 5.845089e-03 -6.091673e-18 5.848189e-03 0.000000e+00
-1.020000e+01 5.889267e-03 4.827183e-18 5.892445e-03 0.000000e+00
-1.016000e+01 5.933944e-03 -5.347290e-18 5.937199e-03 0.000000e+00
-1.012000e+01 5.979126e-03 -3.024556e-18 5.982459e-03 0.000000e+00
-1.008000e+01 6.024822e-03 5.497928e-18 6.028231e-03 0.000000e+00
-1.004000e+01 6.071040e-03 6.634382e-18 6.074523e-03 0.000000e+00
-1.000000e+01 6.117786e-03 -4.571129e-18 6.121344e-03 0.000000e+00
-9.960000e+00 6.165069e-03 -5.457801e-18 6.168701e-03 0.000000e+00
-9.920000e+00 6.212897e-03 -5.350475e-18 6.216601e-03 0.000000e+00
-9.880000e+00 6.261279e-03 -4.645755e-18 6.265055e-03 0.000000e+00
-9.840000e+00 6.310222e-03 -1.053952e-17 6.314069e-03 0.000000e+00
-9.800000e+00 6.359735e-03 1.385068e-18 6.363652e-03 0.000000e+00
-9.760000e+00 6.409827e-03 -3.363459e-19 6.413814e-03 0.000000e+00
-9.720000e+00 6.460507e-03 1.178591e-17 6.464563e-03 0.000000e+00
-9.680000e+00 6.511784e-03 -7.814178e-18 6.515907e-03 0.000000e+00
-9.640000e+00 6.563667e-03 -1.195660e-17 6.567857e-03 0.000000e+00
-9.600000e+00 6.616165e-03 -6.718833e-18 6.620422e-03 0.000000e+00
-9.560000e+00 6.669289e-03 -5.960903e-19 6.673611e-03 0.000000e+00
-9.520000e+00 6.723047e-03 -6.702111e-18 6.727434e-03 0.000000e+00
-9.480000e+00 6.777450e-03 5.695413e-18 6.781901e-03 0.000000e+00
-9.440000e+00 6.832508e-03 1.312232e-18 6.837022e-03 0.000000e+00
-9.400000e+00 6.888231e-03 8.525753e-18 6.892808e-03 0.000000e+00
-9.360000e+00 6.944630e-03 -5.291493e-18 6.949269e-03 0.000000e+00
-9.320000e+00 7.001716e-03 -6.716899e-18 7.006416e-03 0.000000e+00
-9.280000e+00 7.059499e-03 -9.612722e-18 7.064260e-03 0.000000e+00
-9.240000e+00 7.117990e-03 6.045303e-18 7.122811e-03 0.000000e+00
-9.200000e+00 7.177202e-03 -9.991092e-18 7.182082e-03 0.000000e+00
-9.160000e+00 7.237146e-03 -6.252659e-18 7.242084e-03 0.000000e+00
-9.120000e+00 7.297833e-03 2.251143e-18 7.302829e-03 0.000000e+00
-9.080000e+00 7.359276e-03 1.569441e-17 7.364329e-03 0.000000e+00
-9.040000e+00 7.421487e-03 -5.359562e-18 7.426597e-03 0.000000e+00
-9.000000e+00 7.484479e-03 -1.116570e-18 7.489644e-03 0.000000e+00
-8.960000e+00 7.548264e-03 2.428533e-18 7.553485e-03 0.000000e+00
-8.920000e+00 7.612856e-03 -5.344316e-18 7.618131e-03 0.000000e+00
-8.880000e+00 7.678267e-03 -3.742607e-18 7.683596e-03 0.000000e+00
-8.840000e+00 7.744513e-03 3.018112e-18 7.749895e-03 0.000000e+00
-8.800000e+00 7.811605e-03 -9.149535e-20 7.817040e-03 0.000000e+00
-8.760000e+00 7.879560e-03 8.668167e-18 7.885047e-03 0.000000e+00
-8.720000e+00 7.948391e-03 8.138782e-18 7.953929e-03 0.000000e+00
-8.680000e+00 8.018113e-03 2.540246e-18 8.023702e-03 0.000000e+00
-8.640000e+00 8.088741e-03 -2.505497e-18 8.094380e-03 0.000000e+00
-8.600000e+00 8.160290e-03 -1.894858e-18 8.165980e-03 0.000000e+00
-8.560000e+00 8.232778e-03 5.167814e-18 8.238516e-03 0.000000e+00
-8.520000e+00 8.306218e-03 -1.041426e-17 8.312005e-03 0.000000e+00
-8.480000e+00 8.380629e-03 1.003387e-18 8.386463e-03 0.000000e+00
-8.440000e+00 8.456026e-03 1.424382e-17 8.461908e-03 0.000000e+00
-8.400000e+00 8.532427e-03 -2.859726e-18 8.538355e-03 0.000000e+00
-8.360000e+00 8.609849e-03 -3.828246e-18 8.615824e-03 0.000000e+00
-8.320000e+00 8.688310e-03 -4.948892e-18 8.694331e-03 0.000000e+00
-8.280000e+00 8.767829e-03 -4.407552e-18 8.773895e-03 0.000000e+00
-8.240000e+00 8.848424e-03 -6.458928e-18 8.854534e-03 0.000000e+00
-8.200000e+00 8.930114e-03 2.986833e-18 8.936269e-03 0.000000e+00
-8.160000e+00 9.012919e-03 1.105308e-18 9.019117e-03 0.000000e+00
-8.120000e+00 9.096858e-03 1.065490e-17 9.103099e-03 0.000000e+00
-8.080000e+00 9.181952e-03 -4.641521e-19 9.188236e-03 0.000000e+00
-8.040000e+00 9.268222e-03 -4.286675e-18 9.274547e-03 0.000000e+00
-8.000000e+00 9.355689e-03 -4.765948e-18 9.362055e-03 0.000000e+00
-7.960000e+00 9.444374e-03 -2.140263e-18 9.450782e-03 0.000000e+00
-7.920000e+00 9.534300e-03 -1.358025e-17 9.540748e-03 0.000000e+00
-7.880000e+00 9.625489e-03 3.459214e-18 9.631977e-03 0.000000e+00
-7.840000e+00 9.717965e-03 4.771195e-18 9.724493e-03 0.000000e+00
-7.800000e+00 9.811752e-03 1.494653e-17 9.818319e-03 0.000000e+00
-7.760000e+00 9.906873e-03 2.122024e-18 9.913478e-03 0.000000e+00
-7.720000e+00 1.000335e-02 -2.921545e-18 1.001000e-02 0.000000e+00
-7.680000e+00 1.010122e-02 1.518136e-18 1.010790e-02 0.000000e+00
-7.640000e+00 1.020049e-02 9.496059e-18 1.020721e-02 0.000000e+00
-7.600000e+00 1.030121e-02 -3.978072e-18 1.030796e-02 0.000000e+00
-7.560000e+00 1.040339e-02 -1.341213e-18 1.041018e-02 0.000000e+00
-7.520000e+00 1.050706e-02 3.830242e-19 1.051388e-02 0.000000e+00
-7.480000e+00 1.061225e-02 1.295557e-17 1.061911e-02 0.000000e+00
-7.440000e+00 1.071899e-02 -2.941794e-19 1.072588e-02 0.000000e+00
-7.400000e+00 1.082731e-02 2.546843e-18 1.083424e-02 0.000000e+00
-7.360000e+00 1.093724e-02 -5.519682e-18 1.094420e-02 0.000000e+00
-7.320000e+00 1.104881e-02 -1.923325e-18 1.105580e-02 0.000000e+00
-7.280000e+00 1.116205e-02 2.608702e-18 1.116908e-02 0.000000e+00
-7.240000e+00 1.127700e-02 9.917285e-18 1.128406e-02 0.000000e+00
-7.200000e+00 1.139369e-02 -3.333429e-18 1.140078e-02 0.000000e+00
-7.160000e+00 1.151215e-02 6.727961e-18 1.151928e-02 0.000000e+00
-7.120000e+00 1.163242e-02 5.900870e-18 1.163958e-02 0.000000e+00
-7.080000e+00 1.175453e-02 -9.019172e-19 1.176172e-02 0.000000e+00
-7.040000e+00 1.187853e-02 9.866673e-19 1.188575e-02 0.000000e+00
-7.000000e+00 1.200444e-02 2.943947e-18 1.201169e-02 0.000000e+00
-6.960000e+00 1.213231e-02 8.718401e-18 1.213959e-02 0.000000e+00
-6.920000e+00 1.226218e-02 -6.002812e-18 1.226949e-02 0.000000e+00
-6.880000e+00 1.239408e-02 -4.334859e-18 1.240143e-02 0.000000e+00
-6.840000e+00 1.252807e-02 1.074160e-17 1.253544e-02 0.000000e+00
-6.800000e+00 1.266417e-02 -5.618166e-18 1.267157e-02 0.000000e+00
-6.760000e+00 1.280244e-02 -9.440677e-18 1.280987e-02 0.000000e+00
-6.720000e+00 1.294292e-02 -6.948298e-18 1.295038e-02 0.000000e+00
-6.680000e+00 1.308566e-02 -3.824123e-18 1.309314e-02 0.000000e+00
-6.640000e+00 1.323069e-02 -5.192845e-18 1.323820e-02 0.000000e+00
-6.600000e+00 1.337808e-02 -2.838576e-19 1.338561e-02 0.000000e+00
-6.560000e+00 1.352786e-02 3.073990e-18 1.353543e-02 0.000000e+00
-6.520000e+00 1.368010e-02 3.967603e-18 1.368769e-02 0.000000e+00
-6.480000e+00 1.383484e-02 -1.694226e-18 1.384245e-02 0.000000e+00
-6.440000e+00 1.399213e-02 -4.374606e-18 1.399977e-02 0.000000e+00
-6.400000e+00 1.415203e-02 -2.552989e-18 1.415969e-02 0.000000e+00
-6.360000e+00 1.431460e-02 -2.474855e-18 1.432228e-02 0.000000e+00
-6.320000e+00 1.447988e-02 -4.209654e-18 1.448760e-02 0.000000e+00
-6.280000e+00 1.464795e-02 1.243075e-17 1.465569e-02 0.000000e+00
-6.240000e+00 1.481887e-02 1.126267e-17 1.482663e-02 0.000000e+00
-6.200000e+00 1.499268e-02 1.268946e-17 1.500047e-02 0.000000e+00
-6.160000e+00 1.516947e-02 1.112057e-17 1.517727e-02 0.000000e+00
-6.120000e+00 1.534928e-02 2.858985e-18 1.535711e-02 0.000000e+00
-6.080000e+00 1.553220e-02 1.792887e-18 1.554005e-02 0.000000e+00
-6.040000e+00 1.571828e-02 1.035081e-17 1.572615e-02 0.000000e+00
-6.000000e+00 1.590760e-02 1.578654e-18 1.591549e-02 0.000000e+00
-5.960000e+00 1.610023e-02 8.340828e-18 1.610815e-02 0.000000e+00
-5.920000e+00 1.629625e-02 9.664260e-18 1.630419e-02 0.000000e+00
-5.880000e+00 1.649573e-02 3.959949e-18 1.650369e-02 0.000000e+00
-5.840000e+00 1.669875e-02 -7.528382e-19 1.670672e-02 0.000000e+00
-5.800000e+00 1.690538e-02 7.691828e-18 1.691338e-02 0.000000e+00
-5.760000e+00 1.711573e-02 -6.598422e-18 1.712375e-02 0.000000e+00
-5.720000e+00 1.732986e-02 9.241778e-19 1.733790e-02 0.000000e+00
-5.680000e+00 1.754786e-02 1.676101e-18 1.755592e-02 0.000000e+00
-5.640000e+00 1.776983e-02 1.478235e-17 1.777791e-02 0.000000e+00
-5.600000e+00 1.799586e-02 5.473544e-18 1.800395e-02 0.000000e+00
-5.560000e+00 1.822603e-02 8.897307e-18 1.823415e-02 0.000000e+00
-5.520000e+00 1.846046e-02 9.857147e-18 1.846859e-02 0.000000e+00
-5.480000e+00 1.869923e-02 2.175945e-18 1.870738e-02 0.000000e+00
-5.440000e+00 1.894246e-02 -5.322857e-19 1.895063e-02 0.000000e+00
-5.400000e+00 1.919024e-02 8.106151e-18 1.919842e-02 0.000000e+00
-5.360000e+00 1.944268e-02 6.165508e-18 1.945089e-02 0.000000e+00
-5.320000e+00 1.969991e-02 7.269385e-18 1.970813e-02 0.000000e+00
-5.280000e+00 1.996202e-02 1.177250e-18 1.997025e-02 0.000000e+00
-5.240000e+00 2.022914e-02 4.659489e-18 2.023739e-02 0.000000e+00
-5.200000e+00 2.050139e-02 1.715770e-18 2.050966e-02 0.000000e+00
-5.160000e+00 2.077889e-02 -3.414264e-18 2.078718e-02 0.000000e+00
-5.120000e+00 2.106178e-02 -9.127248e-19 2.107008e-02 0.000000e+00
-5.080000e+00 2.135018e-02 3.162333e-18 2.135849e-02 0.000000e+00
-5.040000e+00 2.164422e-02 6.694654e-18 2.165256e-02 0.000000e+00
-5.000000e+00 2.194406e-02 1.247503e-17 2.195241e-02 0.000000e+00
-4.960000e+00 2.224983e-02 3.147050e-18 2.225819e-02 0.000000e+00
-4.920000e+00 2.256167e-02 5.300801e-18 2.257005e-02 0.000000e+00
-4.880000e+00 2.287975e-02 9.218203e-19 2.288814e-02 0.000000e+00
-4.840000e+00 2.320421e-02 -1.228538e-18 2.321261e-02 0.000000e+00
-4.800000e+00 2.353521e-02 8.092551e-18 2.354363e-02 0.000000e+00
-4.760000e+00 2.387293e-02 4.930314e-18 2.388136e-02 0.000000e+00
-4.720000e+00 2.421753e-02 -1.575047e-18 2.422597e-02 0.000000e+00
-4.680000e+00 2.456918e-02 1.631440e-17 2.457764e-02 0.000000e+00
-4.640000e+00 2.492806e-02 -1.852306e-18 2.493654e-02 0.000000e+00
-4.600000e+00 2.529437e-02 6.636315e-18 2.530285e-02 0.000000e+00
-4.560000e+00 2.566828e-02 8.832383e-18 2.567678e-02 0.000000e+00
-4.520000e+00 2.605000e-02 -1.187354e-18 2.605851e-02 0.000000e+00
-4.480000e+00 2.643972e-02 3.614042e-18 2.644824e-02 0.000000e+00
-4.440000e+00 2.683766e-02 4.467524e-18 2.684619e-02 0.000000e+00
-4.400000e+00 2.724401e-02 -4.149723e-18 2.725256e-02 0.000000e+00
-4.360000e+00 2.765902e-02 4.356966e-18 2.766757e-02 0.000000e+00
-4.320000e+00 2.808289e-02 -1.583602e-18 2.809145e-02 0.000000e+00
-4.280000e+00 2.851586e-02 6.576726e-18 2.852444e-02 0.000000e+00
-4.240000e+00 2.895817e-02 -4.301338e-18 2.896676e-02 0.000000e+00
-4.200000e+00 2.941006e-02 8.773613e-18 2.941866e-02 0.000000e+00
-4.160000e+00 2.987179e-02 -7.207438e-18 2.988040e-02 0.000000e+00
-4.120000e+00 3.034361e-02 -3.136907e-18 3.035223e-02 0.000000e+00
-4.080000e+00 3.082579e-02 -4.476319e-18 3.083442e-02 0.000000e+00
-4.040000e+00 3.131861e-02 6.158740e-18 3.132725e-02 0.000000e+00
-4.000000e+00 3.182234e-02 2.294894e-18 3.183099e-02 0.000000e+00
-3.960000e+00 3.233728e-02 1.223600e-17 3.234594e-02 0.000000e+00
-3.920000e+00 3.286372e-02 1.013082e-17 3.287239e-02 0.000000e+00
-3.880000e+00 3.340197e-02 4.320324e-18 3.341064e-02 0.000000e+00
-3.840000e+00 3.395234e-02 7.137982e-18 3.396102e-02 0.000000e+00
-3.800000e+00 3.451515e-02 2.865291e-18 3.452385e-02 0.000000e+00
-3.760000e+00 3.509074e-02 1.882695e-18 3.509945e-02 0.000000e+00
-3.720000e+00 3.567945e-02 1.885179e-18 3.568817e-02 0.000000e+00
-3.680000e+00 3.628163e-02 -4.440999e-19 3.629035e-02 0.000000e+00
-3.640000e+00 3.689762e-02 5.865215e-18 3.690635e-02 0.000000e+00
-3.600000e+00 3.752781e-02 5.901767e-19 3.753654e-02 0.000000e+00
-3.560000e+00 3.817256e-02 2.164419e-18 3.818130e-02 0.000000e+00
-3.520000e+00 3.883226e-02 3.874108e-18 3.884102e-02 0.000000e+00
-3.480000e+00 3.950731e-02 4.560088e-18 3.951607e-02 0.000000e+00
-3.440000e+00 4.019812e-02 -5.200059e-19 4.020689e-02 0.000000e+00
-3.400000e+00 4.090509e-02 1.089854e-17 4.091387e-02 0.000000e+00
-3.360000e+00 4.162866e-02 1.253474e-18 4.163744e-02 0.000000e+00
-3.320000e+00 4.236925e-02 9.559802e-18 4.237803e-02 0.000000e+00
-3.280000e+00 4.312730e-02 -5.045587e-19 4.313610e-02 0.000000e+00
-3.240000e+00 4.390328e-02 8.242974e-18 4.391208e-02 0.000000e+00
-3.200000e+00 4.469764e-02 2.326779e-18 4.470644e-02 0.000000e+00
-3.160000e+00 4.551085e-02 -7.423570e-19 4.551966e-02 0.000000e+00
-3.120000e+00 4.634339e-02 2.123949e-18 4.635221e-02 0.000000e+00
-3.080000e+00 4.719575e-02 9.041011e-18 4.720457e-02 0.000000e+00
-3.040000e+00 4.806842e-02 -1.120629e-18 4.807725e-02 0.000000e+00
-3.000000e+00 4.896191e-02 1.540898e-18 4.897075e-02 0.000000e+00
-2.960000e+00 4.987673e-02 5.082322e-18 4.988558e-02 0.000000e+00
-2.920000e+00 5.081340e-02 4.348779e-18 5.082225e-02 0.000000e+00
-2.880000e+00 5.177243e-02 6.419680e-18 5.178128e-02 0.000000e+00
-2.840000e+00 5.275435e-02 3.351601e-18 5.276321e-02 0.000000e+00
-2.800000e+00 5.375970e-02 3.870524e-18 5.376856e-02 0.000000e+00
-2.760000e+00 5.478901e-02 1.042238e-17 5.479787e-02 0.000000e+00
-2.720000e+00 5.584281e-02 -6.003535e-18 5.585168e-02 0.000000e+00
-2.680000e+00 5.692164e-02 1.641003e-18 5.693051e-02 0.000000e+00
-2.640000e+00 5.802603e-02 -2.469530e-18 5.803491e-02 0.000000e+00
-2.600000e+00 5.915652e-02 2.473396e-18 5.916541e-02 0.000000e+00
-2.560000e+00 6.031363e-02 -4.588525e-18 6.032252e-02 0.000000e+00
-2.520000e+00 6.149789e-02 -7.961460e-19 6.150678e-02 0.000000e+00
-2.480000e+00 6.270979e-02 -3.298183e-19 6.271869e-02 0.000000e+00
-2.440000e+00 6.394984e-02 5.357606e-18 6.395875e-02 0.000000e+00
-2.400000e+00 6.521853e-02 1.693918e-18 6.522744e-02 0.000000e+00
-2.360000e+00 6.651631e-02 8.384056e-18 6.652522e-02 0.000000e+00
-2.320000e+00 6.784364e-02 8.163778e-18 6.785255e-02 0.000000e+00
-2.280000e+00 6.920092e-02 7.062547e-18 6.920984e-02 0.000000e+00
-2.240000e+00 7.058855e-02 1.062971e-17 7.059747e-02 0.000000e+00
-2.200000e+00 7.200689e-02 1.239352e-18 7.201581e-02 0.000000e+00
-2.160000e+00 7.345625e-02 3.599275e-18 7.346517e-02 0.000000e+00
-2.120000e+00 7.493689e-02 1.267937e-17 7.494582e-02 0.000000e+00
-2.080000e+00 7.644906e-02 -1.196537e-18 7.645799e-02 0.000000e+00
-2.040000e+00 7.799290e-02 7.412325e-18 7.800183e-02 0.000000e+00
-2.000000e+00 7.956854e-02 3.158399e-18 7.957747e-02 0.000000e+00
-1.960000e+00 8.117600e-02 2.415560e-18 8.118493e-02 0.000000e+00
-1.920000e+00 8.281524e-02 1.047210e-17 8.282418e-02 0.000000e+00
-1.880000e+00 8.448614e-02 -1.218455e-18 8.449509e-02 0.000000e+00
-1.840000e+00 8.618849e-02 7.386327e-19 8.619743e-02 0.000000e+00
-1.800000e+00 8.792196e-02 2.153527e-17 8.793091e-02 0.000000e+00
-1.760000e+00 8.968613e-02 2.698633e-18 8.969508e-02 0.000000e+00
-1.720000e+00 9.148044e-02 1.079268e-17 9.148939e-02 0.000000e+00
-1.680000e+00 9.330422e-02 1.763773e-18 9.331317e-02 0.000000e+00
-1.640000e+00 9.515665e-02 1.100102e-17 9.516560e-02 0.000000e+00
-1.600000e+00 9.703674e-02 6.642248e-18 9.704570e-02 0.000000e+00
-1.560000e+00 9.894339e-02 -1.175410e-18 9.895234e-02 0.000000e+00
-1.520000e+00 1.008753e-01 4.575611e-18 1.008842e-01 0.000000e+00
-1.480000e+00 1.028309e-01 1.341025e-17 1.028398e-01 0.000000e+00
-1.440000e+00 1.048086e-01 6.563115e-18 1.048175e-01 0.000000e+00
-1.400000e+00 1.068064e-01 7.275173e-18 1.068154e-01 0.000000e+00
-1.360000e+00 1.088224e-01 5.046802e-18 1.088313e-01 0.000000e+00
-1.320000e+00 1.108541e-01 1.179421e-17 1.108630e-01 0.000000e+00
-1.280000e+00 1.128989e-01 1.111577e-17 1.129079e-01 0.000000e+00
-1.240000e+00 1.149542e-01 -6.430667e-19 1.149631e-01 0.000000e+00
-1.200000e+00 1.170167e-01 6.015927e-18 1.170257e-01 0.000000e+00
-1.160000e+00 1.190833e-01 8.404921e-18 1.190923e-01 0.000000e+00
-1.120000e+00 1.211504e-01 1.632731e-18 1.211594e-01 0.000000e+00
-1.080000e+00 1.232141e-01 5.225937e-18 1.232231e-01 0.000000e+00
-1.040000e+00 1.252704e-01 -8.993813e-19 1.252794e-01 0.000000e+00
-1.000000e+00 1.273150e-01 6.449506e-18 1.273240e-01 0.000000e+00
-9.600000e-01 1.293432e-01 -4.081750e-18 1.293522e-01 0.000000e+00
-9.200000e-01 1.313504e-01 3.873574e-18 1.313593e-01 0.000000e+00
-8.800000e-01 1.333313e-01 4.116073e-18 1.333403e-01 0.000000e+00
-8.400000e-01 1.352809e-01 1.025639e-17 1.352898e-01 0.000000e+00
-8.000000e-01 1.371936e-01 4.651786e-18 1.372025e-01 0.000000e+00
-7.600000e-01 1.390639e-01 -8.123381e-19 1.390728e-01 0.000000e+00
-7.200000e-01 1.408860e-01 1.669043e-18 1.408950e-01 0.000000e+00
-6.800000e-01 1.426541e-01 -6.502850e-19 1.426631e-01 0.000000e+00
-6.400000e-01 1.443624e-01 3.247596e-18 1.443713e-01 0.000000e+00
-6.000000e-01 1.460048e-01 -9.210459e-18 1.460137e-01 0.000000e+00
-5.600000e-01 1.475754e-01 3.880908e-19 1.475843e-01 0.000000e+00
-5.200000e-01 1.490684e-01 1.135126e-17 1.490773e-01 0.000000e+00
-4.800000e-01 1.504779e-01 -2.119163e-18 1.504869e-01 0.000000e+00
-4.400000e-01 1.517985e-01 1.905838e-18 1.518075e-01 0.000000e+00
-4.000000e-01 1.530247e-01 1.609323e-18 1.530336e-01 0.000000e+00
-3.600000e-01 1.541512e-01 -1.233163e-18 1.541602e-01 0.000000e+00
-3.200000e-01 1.551733e-01 5.768627e-18 1.551823e-01 0.000000e+00
-2.800000e-01 1.560865e-01 -1.023481e-17 1.560955e-01 0.000000e+00
-2.400000e-01 1.568867e-01 -1.804012e-18 1.568956e-01 0.000000e+00
-2.000000e-01 1.575702e-01 2.099158e-17 1.575792e-01 0.000000e+00
-1.600000e-01 1.581339e-01 -4.956775e-18 1.581428e-01 0.000000e+00
-1.200000e-01 1.585751e-01 -1.656700e-18 1.585840e-01 0.000000e+00
-8.000000e-02 1.588918e-01 1.262994e-18 1.589007e-01 0.000000e+00
-4.000000e-02 1.590824e-01 3.056346e-18 1.590913e-01 0.000000e+00
0.000000e+00 1.591460e-01 6.971783e-18 1.591549e-01 0.000000e+00
4.000000e-02 1.590824e-01 -1.554926e-17 1.590913e-01 0.000000e+00
8.000000e-02 1.588918e-01 8.043753e-19 1.589007e-01 0.000000e+00
1.200000e-01 1.585751e-01 1.078658e-17 1.585840e-01 0.000000e+00
1.600000e-01 1.581339e-01 3.550029e-18 1.581428e-01 0.000000e+00
2.000000e-01 1.575702e-01 -4.870953e-18 1.575792e-01 0.000000e+00
2.400000e-01 1.568867e-01 -3.808940e-18 1.568956e-01 0.000000e+00
2.800000e-01 1.560865e-01 -3.593842e-18 1.560955e-01 0.000000e+00
3.200000e-01 1.551733e-01 8.418840e-18 1.551823e-01 0.000000e+00
3.600000e-01 1.541512e-01 -9.797887e-18 1.541602e-01 0.000000e+00
4.000000e-01 1.530246e-01 6.008987e-18 1.530336e-01 0.000000e+00
4.400000e-01 1.517985e-01 3.885193e-18 1.518075e-01 0.000000e+00
4.800000e-01 1.504779e-01 4.538930e-18 1.504869e-01 0.000000e+00
5.200000e-01 1.490684e-01 3.004754e-18 1.490773e-01 0.000000e+00
5.600000e-01 1.475754e-01 -8.288910e-18 1.475843e-01 0.000000e+00
6.000000e-01 1.460047e-01 3.887457e-18 1.460137e-01 0.000000e+00
6.400000e-01 1.443624e-01 1.346773e-18 1.443713e-01 0.000000e+00
6.800000e-01 1.426541e-01 -4.320775e-18 1.426631e-01 0.000000e+00
7.200000e-01 1.408860e-01 6.348760e-18 1.408950e-01 0.000000e+00
7.600000e-01 1.390639e-01 -1.997491e-18 1.390728e-01 0.000000e+00
8.000000e-01 1.371936e-01 8.711654e-19 1.372025e-01 0.000000e+00
8.400000e-01 1.352809e-01 4.894799e-18 1.352898e-01 0.000000e+00
8.800000e-01 1.333313e-01 6.297560e-18 1.333403e-01 0.000000e+00
9.200000e-01 1.313503e-01 -6.882651e-18 1.313593e-01 0.000000e+00
9.600000e-01 1.293432e-01 9.021536e-18 1.293522e-01 0.000000e+00
1.000000e+00 1.273150e-01 -1.510321e-17 1.273240e-01 0.000000e+00
1.040000e+00 1.252704e-01 1.003999e-17 1.252794e-01 0.000000e+00
1.080000e+00 1.232141e-01 4.568960e-18 1.232231e-01 0.000000e+00
1.120000e+00 1.211504e-01 4.504615e-18 1.211594e-01 0.000000e+00
1.160000e+00 1.190833e-01 5.392060e-18 1.190923e-01 0.000000e+00
1.200000e+00 1.170167e-01 9.386887e-18 1.170257e-01 0.000000e+00
1.240000e+00 1.149542e-01 -3.810897e-18 1.149631e-01 0.000000e+00
1.280000e+00 1.128989e-01 4.701394e-18 1.129079e-01 0.000000e+00
1.320000e+00 1.108541e-01 -1.001720e-17 1.108630e-01 0.000000e+00
1.360000e+00 1.088224e-01 7.735112e-19 1.088313e-01 0.000000e+00
1.400000e+00 1.068064e-01 4.713148e-18 1.068154e-01 0.000000e+00
1.440000e+00 1.048086e-01 -6.719677e-19 1.048175e-01 0.000000e+00
1.480000e+00 1.028309e-01 1.120946e-18 1.028398e-01 0.000000e+00
1.520000e+00 1.008753e-01 -2.872724e-18 1.008842e-01 0.000000e+00
1.560000e+00 9.894338e-02 -1.095887e-17 9.895234e-02 0.000000e+00
1.600000e+00 9.703674e-02 -3.438009e-18 9.704570e-02 0.000000e+00
1.640000e+00 9.515664e-02 -7.027125e-18 9.516560e-02 0.000000e+00
1.680000e+00 9.330422e-02 -1.060509e-19 9.331317e-02 0.000000e+00
1.720000e+00 9.148044e-02 -7.576900e-18 9.148939e-02 0.000000e+00
1.760000e+00 8.968612e-02 -8.383837e-18 8.969508e-02 0.000000e+00
1.800000e+00 8.792196e-02 3.759464e-18 8.793091e-02 0.000000e+00
1.840000e+00 8.618849e-02 -2.816194e-18 8.619743e-02 0.000000e+00
1.880000e+00 8.448614e-02 -3.729707e-18 8.449509e-02 0.000000e+00
1.920000e+00 8.281524e-02 -6.588144e-19 8.282418e-02 0.000000e+00
1.960000e+00 8.117599e-02 -1.229555e-17 8.118493e-02 0.000000e+00
2.000000e+00 7.956853e-02 1.321440e-18 7.957747e-02 0.000000e+00
2.040000e+00 7.799290e-02 -9.320786e-18 7.800183e-02 0.000000e+00
2.080000e+00 7.644905e-02 2.333532e-18 7.645799e-02 0.000000e+00
2.120000e+00 7.493689e-02 -5.295881e-18 7.494582e-02 0.000000e+00
2.160000e+00 7.345624e-02 4.164439e-18 7.346517e-02 0.000000e+00
2.200000e+00 7.200688e-02 -3.878505e-18 7.201581e-02 0.000000e+00
2.240000e+00 7.058855e-02 -6.938097e-18 7.059747e-02 0.000000e+00
2.280000e+00 6.920092e-02 1.655804e-18 6.920984e-02 0.000000e+00
2.320000e+00 6.784363e-02 4.943559e-18 6.785255e-02 0.000000e+00
2.360000e+00 6.651631e-02 -1.707685e-17 6.652522e-02 0.000000e+00
2.400000e+00 6.521852e-02 -2.407315e-18 6.522744e-02 0.000000e+00
2.440000e+00 6.394984e-02 -9.118031e-18 6.395875e-02 0.000000e+00
2.480000e+00 6.270978e-02 -7.193016e-18 6.271869e-02 0.000000e+00
2.520000e+00 6.149788e-02 -1.136733e-17 6.150678e-02 0.000000e+00
2.560000e+00 6.031363e-02 -4.169225e-18 6.032252e-02 0.000000e+00
2.600000e+00 5.915651e-02 -1.299165e-17 5.916541e-02 0.000000e+00
2.640000e+00 5.802602e-02 -1.487354e-18 5.803491e-02 0.000000e+00
2.680000e+00 5.692163e-02 -9.045916e-18 5.693051e-02 0.000000e+00
2.720000e+00 5.584280e-02 1.271899e-18 5.585168e-02 0.000000e+00
2.760000e+00 5.478900e-02 -6.138639e-18 5.479787e-02 0.000000e+00
2.800000e+00 5.375969e-02 1.123394e-18 5.376856e-02 0.000000e+00
2.840000e+00 5.275434e-02 -4.365058e-18 5.276321e-02 0.000000e+00
2.880000e+00 5.177242e-02 -8.272264e-18 5.178128e-02 0.000000e+00
2.920000e+00 5.081339e-02 -6.660448e-18 5.082225e-02 0.000000e+00
2.960000e+00 4.987673e-02 -4.822304e-18 4.988558e-02 0.000000e+00
3.000000e+00 4.896191e-02 -1.476083e-17 4.897075e-02 0.000000e+00
3.040000e+00 4.806842e-02 -4.607423e-18 4.807725e-02 0.000000e+00
3.080000e+00 4.719574e-02 -8.996501e-18 4.720457e-02 0.000000e+00
3.120000e+00 4.634338e-02 -2.086566e-18 4.635221e-02 0.000000e+00
3.160000e+00 4.551084e-02 -1.211081e-17 4.551966e-02 0.000000e+00
3.200000e+00 4.469763e-02 -7.998342e-18 4.470644e-02 0.000000e+00
3.240000e+00 4.390327e-02 -6.695469e-18 4.391208e-02 0.000000e+00
3.280000e+00 4.312729e-02 -1.332584e-18 4.313610e-02 0.000000e+00
3.320000e+00 4.236924e-02 -1.155362e-17 4.237803e-02 0.000000e+00
3.360000e+00 4.162865e-02 -6.093801e-18 4.163744e-02 0.000000e+00
3.400000e+00 4.090509e-02 -5.050890e-18 4.091387e-02 0.000000e+00
3.440000e+00 4.019811e-02 -9.054469e-18 4.020689e-02 0.000000e+00
3.480000e+00 3.950731e-02 -9.428300e-18 3.951607e-02 0.000000e+00
3.520000e+00 3.883225e-02 -4.418647e-18 3.884102e-02 0.000000e+00
3.560000e+00 3.817255e-02 -1.078125e-17 3.818130e-02 0.000000e+00
3.600000e+00 3.752780e-02 -8.229332e-18 3.753654e-02 0.000000e+00
3.640000e+00 3.689761e-02 -9.564014e-18 3.690635e-02 0.000000e+00
3.680000e+00 3.628162e-02 3.661366e-18 3.629035e-02 0.000000e+00
3.720000e+00 3.567944e-02 -9.115220e-18 3.568817e-02 0.000000e+00
3.760000e+00 3.509074e-02 -9.773038e-18 3.509945e-02 0.000000e+00
3.800000e+00 3.451515e-02 -2.219945e-18 3.452385e-02 0.000000e+00
3.840000e+00 3.395233e-02 8.296512e-19 3.396102e-02 0.000000e+00
3.880000e+00 3.340196e-02 1.702001e-18 3.341064e-02 0.000000e+00
3.920000e+00 3.286371e-02 6.116495e-18 3.287239e-02 0.000000e+00
3.960000e+00 3.233727e-02 -1.928826e-17 3.234594e-02 0.000000e+00
4.000000e+00 3.182233e-02 -3.525447e-18 3.183099e-02 0.000000e+00
4.040000e+00 3.131860e-02 -1.290077e-17 3.132725e-02 0.000000e+00
4.080000e+00 3.082578e-02 -9.667016e-18 3.083442e-02 0.000000e+00
4.120000e+00 3.034360e-02 -6.838947e-18 3.035223e-02 0.000000e+00
4.160000e+00 2.987178e-02 -4.021289e-18 2.988040e-02 0.000000e+00
4.200000e+00 2.941005e-02 -8.293980e-18 2.941866e-02 0.000000e+00
4.240000e+00 2.895816e-02 -1.898356e-18 2.896676e-02 0.000000e+00
4.280000e+00 2.851585e-02 -3.453751e-18 2.852444e-02 0.000000e+00
4.320000e+00 2.808288e-02 -1.704450e-18 2.809145e-02 0.000000e+00
4.360000e+00 2.765901e-02 -4.812645e-18 2.766757e-02 0.000000e+00
4.400000e+00 2.724401e-02 3.408406e-18 2.725256e-02 0.000000e+00
4.440000e+00 2.683765e-02 -5.695212e-18 2.684619e-02 0.000000e+00
4.480000e+00 2.643971e-02 -6.024813e-18 2.644824e-02 0.000000e+00
4.520000e+00 2.604999e-02 -4.559893e-18 2.605851e-02 0.000000e+00
4.560000e+00 2.566827e-02 -2.261767e-18 2.567678e-02 0.000000e+00
4.600000e+00 2.529436e-02 -1.297788e-17 2.530285e-02 0.000000e+00
4.640000e+00 2.492805e-02 -1.267227e-18 2.493654e-02 0.000000e+00
4.680000e+00 2.456917e-02 -1.101698e-17 2.457764e-02 0.000000e+00
4.720000e+00 2.421752e-02 -2.246320e-18 2.422597e-02 0.000000e+00
4.760000e+00 2.387292e-02 -1.155487e-17 2.388136e-02 0.000000e+00
4.800000e+00 2.353520e-02 -2.233212e-18 2.354363e-02 0.000000e+00
4.840000e+00 2.320420e-02 8.155217e-19 2.321261e-02 0.000000e+00
4.880000e+00 2.287974e-02 -3.967518e-19 2.288814e-02 0.000000e+00
4.920000e+00 2.256166e-02 -6.975779e-18 2.257005e-02 0.000000e+00
4.960000e+00 2.224982e-02 4.372495e-19 2.225819e-02 0.000000e+00
5.000000e+00 2.194405e-02 -3.798032e-18 2.195241e-02 0.000000e+00
5.040000e+00 2.164421e-02 -5.298010e-18 2.165256e-02 0.000000e+00
5.080000e+00 2.135017e-02 -2.731913e-18 2.135849e-02 0.000000e+00
5.120000e+00 2.106177e-02 -1.796004e-19 2.107008e-02 0.000000e+00
5.160000e+00 2.077888e-02 -7.326259e-18 2.078718e-02 0.000000e+00
5.200000e+00 2.050138e-02 -1.949817e-18 2.050966e-02 0.000000e+00
5.240000e+00 2.022913e-02 -1.345404e-17 2.023739e-02 0.000000e+00
5.280000e+00 1.996201e-02 5.957457e-19 1.997025e-02 0.000000e+00
5.320000e+00 1.969990e-02 -2.918988e-18 1.970813e-02 0.000000e+00
5.360000e+00 1.944267e-02 -4.990231e-18 1.945089e-02 0.000000e+00
5.400000e+00 1.919023e-02 7.316350e-19 1.919842e-02 0.000000e+00
5.440000e+00 1.894245e-02 -5.099457e-19 1.895063e-02 0.000000e+00
5.480000e+00 1.869922e-02 1.632613e-18 1.870738e-02 0.000000e+00
5.520000e+00 1.846045e-02 3.748761e-18 1.846859e-02 0.000000e+00
5.560000e+00 1.822602e-02 -8.619894e-18 1.823415e-02 0.000000e+00
5.600000e+00 1.799585e-02 -3.271238e-18 1.800395e-02 0.000000e+00
5.640000e+00 1.776982e-02 -8.155101e-18 1.777791e-02 0.000000e+00
5.680000e+00 1.754785e-02 -5.930476e-18 1.755592e-02 0.000000e+00
5.720000e+00 1.732984e-02 -1.823433e-18 1.733790e-02 0.000000e+00
5.760000e+00 1.711572e-02 2.373600e-18 1.712375e-02 0.000000e+00
5.800000e+00 1.690537e-02 -5.132359e-18 1.691338e-02 0.000000e+00
5.840000e+00 1.669873e-02 -3.176818e-18 1.670672e-02 0.000000e+00
5.880000e+00 1.649572e-02 -1.043289e-17 1.650369e-02 0.000000e+00
5.920000e+00 1.629624e-02 -3.134932e-18 1.630419e-02 0.000000e+00
5.960000e+00 1.610022e-02 -4.984736e-18 1.610815e-02 0.000000e+00
6.000000e+00 1.590759e-02 2.661633e-18 1.591549e-02 0.000000e+00
6.040000e+00 1.571827e-02 -1.011098e-18 1.572615e-02 0.000000e+00
6.080000e+00 1.553218e-02 -2.150631e-18 1.554005e-02 0.000000e+00
6.120000e+00 1.534927e-02 1.406501e-18 1.535711e-02 0.000000e+00
6.160000e+00 1.516945e-02 -4.271963e-18 1.517727e-02 0.000000e+00
6.200000e+00 1.499267e-02 -1.528647e-17 1.500047e-02 0.000000e+00
6.240000e+00 1.481885e-02 2.952916e-18 1.482663e-02 0.000000e+00
6.280000e+00 1.464794e-02 -1.111433e-17 1.465569e-02 0.000000e+00
6.320000e+00 1.447987e-02 1.103151e-18 1.448760e-02 0.000000e+00
6.360000e+00 1.431458e-02 9.842674e-20 1.432228e-02 0.000000e+00
6.400000e+00 1.415202e-02 1.224021e-18 1.415969e-02 0.000000e+00
6.440000e+00 1.399211e-02 -4.497660e-19 1.399977e-02 0.000000e+00
6.480000e+00 1.383482e-02 3.928273e-18 1.384245e-02 0.000000e+00
6.520000e+00 1.368008e-02 -1.714294e-17 1.368769e-02 0.000000e+00
6.560000e+00 1.352785e-02 3.313132e-18 1.353543e-02 0.000000e+00
6.600000e+00 1.337806e-02 -6.782124e-18 1.338561e-02 0.000000e+00
6.640000e+00 1.323068e-02 -6.097699e-18 1.323820e-02 0.000000e+00
6.680000e+00 1.308564e-02 -1.360244e-18 1.309314e-02 0.000000e+00
6.720000e+00 1.294291e-02 2.429376e-18 1.295038e-02 0.000000e+00
6.760000e+00 1.280243e-02 -9.974941e-19 1.280987e-02 0.000000e+00
6.800000e+00 1.266416e-02 4.590876e-18 1.267157e-02 0.000000e+00
6.840000e+00 1.252805e-02 -6.351489e-18 1.253544e-02 0.000000e+00
6.880000e+00 1.239407e-02 -5.008295e-19 1.240143e-02 0.000000e+00
6.920000e+00 1.226216e-02 -8.380969e-18 1.226949e-02 0.000000e+00
6.960000e+00 1.213230e-02 4.350039e-18 1.213959e-02 0.000000e+00
7.000000e+00 1.200443e-02 -7.622808e-18 1.201169e-02 0.000000e+00
7.040000e+00 1.187851e-02 2.463717e-18 1.188575e-02 0.000000e+00
7.080000e+00 1.175452e-02 2.170193e-18 1.176172e-02 0.000000e+00
7.120000e+00 1.163240e-02 -1.273570e-18 1.163958e-02 0.000000e+00
7.160000e+00 1.151213e-02 -6.501468e-18 1.151928e-02 0.000000e+00
7.200000e+00 1.139367e-02 4.491723e-18 1.140078e-02 0.000000e+00
7.240000e+00 1.127698e-02 -3.573214e-18 1.128406e-02 0.000000e+00
7.280000e+00 1.116203e-02 -2.636419e-18 1.116908e-02 0.000000e+00
7.320000e+00 1.104879e-02 1.826954e-18 1.105580e-02 0.000000e+00
7.360000e+00 1.093722e-02 -2.883742e-18 1.094420e-02 0.000000e+00
7.400000e+00 1.082729e-02 5.168632e-18 1.083424e-02 0.000000e+00
7.440000e+00 1.071897e-02 -4.340085e-18 1.072588e-02 0.000000e+00
7.480000e+00 1.061223e-02 4.654216e-18 1.061911e-02 0.000000e+00
7.520000e+00 1.050704e-02 7.066630e-18 1.051388e-02 0.000000e+00
7.560000e+00 1.040337e-02 -7.384731e-18 1.041018e-02 0.000000e+00
7.600000e+00 1.030119e-02 1.034331e-17 1.030796e-02 0.000000e+00
7.640000e+00 1.020048e-02 5.294930e-18 1.020721e-02 0.000000e+00
7.680000e+00 1.010120e-02 7.708582e-18 1.010790e-02 0.000000e+00
7.720000e+00 1.000333e-02 1.458127e-17 1.001000e-02 0.000000e+00
7.760000e+00 9.906854e-03 1.127454e-17 9.913478e-03 0.000000e+00
7.800000e+00 9.811733e-03 -7.188677e-19 9.818319e-03 0.000000e+00
7.840000e+00 9.717946e-03 6.031643e-18 9.724493e-03 0.000000e+00
7.880000e+00 9.625470e-03 1.273860e-18 9.631977e-03 0.000000e+00
7.920000e+00 9.534280e-03 1.344234e-17 9.540748e-03 0.000000e+00
7.960000e+00 9.444354e-03 1.229707e-17 9.450782e-03 0.000000e+00
8.000000e+00 9.355669e-03 1.466636e-17 9.362055e-03 0.000000e+00
8.040000e+00 9.268202e-03 5.754925e-18 9.274547e-03 0.000000e+00
8.080000e+00 9.181932e-03 1.092875e-17 9.188236e-03 0.000000e+00
8.120000e+00 9.096838e-03 -7.677290e-18 9.103099e-03 0.000000e+00
8.160000e+00 9.012898e-03 5.746350e-18 9.019117e-03 0.000000e+00
8.200000e+00 8.930093e-03 -6.280202e-18 8.936269e-03 0.000000e+00
8.240000e+00 8.848403e-03 1.266971e-18 8.854534e-03 0.000000e+00
8.280000e+00 8.767808e-03 2.363674e-18 8.773895e-03 0.000000e+00
8.320000e+00 8.688289e-03 5.528993e-18 8.694331e-03 0.000000e+00
8.360000e+00 8.609827e-03 -3.628678e-18 8.615824e-03 0.000000e+00
8.400000e+00 8.532405e-03 5.875114e-18 8.538355e-03 0.000000e+00
8.440000e+00 8.456003e-03 4.405427e-18 8.461908e-03 0.000000e+00
8.480000e+00 8.380606e-03 7.271953e-19 8.386463e-03 0.000000e+00
8.520000e+00 8.306195e-03 -3.131264e-18 8.312005e-03 0.000000e+00
8.560000e+00 8.232755e-03 8.341000e-18 8.238516e-03 0.000000e+00
8.600000e+00 8.160267e-03 2.687167e-18 8.165980e-03 0.000000e+00
8.640000e+00 8.088717e-03 1.583114e-17 8.094380e-03 0.000000e+00
8.680000e+00 8.018089e-03 7.107089e-18 8.023702e-03 0.000000e+00
8.720000e+00 7.948367e-03 9.238640e-18 7.953929e-03 0.000000e+00
8.760000e+00 7.879536e-03 -6.002592e-18 7.885047e-03 0.000000e+00
8.800000e+00 7.811581e-03 3.885803e-18 7.817040e-03 0.000000e+00
8.840000e+00 7.744488e-03 -1.140535e-18 7.749895e-03 0.000000e+00
8.880000e+00 7.678242e-03 -2.850252e-18 7.683596e-03 0.000000e+00
8.920000e+00 7.612830e-03 4.065800e-18 7.618131e-03 0.000000e+00
8.960000e+00 7.548238e-03 3.370155e-18 7.553485e-03 0.000000e+00
9.000000e+00 7.484453e-03 1.064817e-17 7.489644e-03 0.000000e+00
9.040000e+00 7.421461e-03 -5.944127e-19 7.426597e-03 0.000000e+00
9.080000e+00 7.359250e-03 8.699610e-18 7.364329e-03 0.000000e+00
9.120000e+00 7.297806e-03 2.389946e-18 7.302829e-03 0.000000e+00
9.160000e+00 7.237119e-03 -6.604451e-18 7.242084e-03 0.000000e+00
9.200000e+00 7.177175e-03 5.728094e-18 7.182082e-03 0.000000e+00
9.240000e+00 7.117963e-03 6.542105e-18 7.122811e-03 0.000000e+00
9.280000e+00 7.059470e-03 8.141454e-18 7.064260e-03 0.000000e+00
9.320000e+00 7.001687e-03 1.006935e-17 7.006416e-03 0.000000e+00
9.360000e+00 6.944601e-03 1.183786e-17 6.949269e-03 0.000000e+00
9.400000e+00 6.888202e-03 -3.674471e-18 6.892808e-03 0.000000e+00
9.440000e+00 6.832478e-03 7.910816e-18 6.837022e-03 0.000000e+00
9.480000e+00 6.777420e-03 -4.251808e-18 6.781901e-03 0.000000e+00
9.520000e+00 6.723017e-03 9.557710e-18 6.727434e-03 0.000000e+00
9.560000e+00 6.669258e-03 1.031080e-17 6.673611e-03 0.000000e+00
9.600000e+00 6.616134e-03 9.205801e-18 6.620422e-03 0.000000e+00
9.640000e+00 6.563636e-03 8.652093e-18 6.567857e-03 0.000000e+00
9.680000e+00 6.511752e-03 1.891294e-17 6.515907e-03 0.000000e+00
9.720000e+00 6.460475e-03 -1.408175e-18 6.464563e-03 0.000000e+00
9.760000e+00 6.409795e-03 5.832467e-18 6.413814e-03 0.000000e+00
9.800000e+00 6.359702e-03 -6.096475e-18 6.363652e-03 0.000000e+00
9.840000e+00 6.310188e-03 6.957801e-19 6.314069e-03 0.000000e+00
9.880000e+00 6.261245e-03 1.145236e-17 6.265055e-03 0.000000e+00
9.920000e+00 6.212863e-03 4.488773e-19 6.216601e-03 0.000000e+00
9.960000e+00 6.165035e-03 -3.131462e-18 6.168701e-03 0.000000e+00
1.000000e+01 6.117751e-03 2.971260e-18 6.121344e-03 0.000000e+00
1.004000e+01 6.071004e-03 9.227517e-18 6.074523e-03 0.000000e+00
1.008000e+01 6.024787e-03 4.726051e-18 6.028231e-03 0.000000e+00
1.012000e+01 5.979090e-03 -5.373207e-18 5.982459e-03 0.000000e+00
1.016000e+01 5.933907e-03 9.442651e-18 5.937199e-03 0.000000e+00
1.020000e+01 5.889230e-03 1.579781e-18 5.892445e-03 0.000000e+00
1.024000e+01 5.845052e-03 1.718007e-17 5.848189e-03 0.000000e+00
1.028000e+01 5.801365e-03 2.694995e-18 5.804422e-03 0.000000e+00
1.032000e+01 5.758162e-03 6.291956e-18 5.761140e-03 0.000000e+00
1.036000e+01 5.715436e-03 -9.702520e-18 5.718333e-03 0.000000e+00
1.040000e+01 5.673181e-03 8.351476e-18 5.675997e-03 0.000000e+00
1.044000e+01 5.631390e-03 -5.827011e-18 5.634122e-03 0.000000e+00
1.048000e+01 5.590055e-03 3.209314e-18 5.592704e-03 0.000000e+00
1.052000e+01 5.549171e-03 7.224024e-18 5.551736e-03 0.000000e+00
1.056000e+01 5.508731e-03 4.823581e-18 5.511211e-03 0.000000e+00
1.060000e+01 5.468729e-03 8.924401e-19 5.471122e-03 0.000000e+00
1.064000e+01 5.429159e-03 6.363712e-18 5.431464e-03 0.000000e+00
1.068000e+01 5.390014e-03 1.363582e-18 5.392231e-03 0.000000e+00
1.072000e+01 5.351289e-03 8.875746e-19 5.353417e-03 0.000000e+00
1.076000e+01 5.312978e-03 -2.387906e-18 5.315015e-03 0.000000e+00
1.080000e+01 5.275075e-03 3.872106e-18 5.277021e-03 0.000000e+00
1.084000e+01 5.237574e-03 8.187696e-18 5.239427e-03 0.000000e+00
1.088000e+01 5.200470e-03 3.558829e-18 5.202230e-03 0.000000e+00
1.092000e+01 5.163757e-03 1.102130e-17 5.165423e-03 0.000000e+00
1.096000e+01 5.127430e-03 1.374697e-17 5.129001e-03 0.000000e+00
1.100000e+01 5.091484e-03 -3.840281e-18 5.092958e-03 0.000000e+00
1.104000e+01 5.055914e-03 5.454448e-18 5.057290e-03 0.000000e+00
1.108000e+01 5.020714e-03 -3.325835e-18 5.021991e-03 0.000000e+00
1.112000e+01 4.985879e-03 1.012366e-17 4.987057e-03 0.000000e+00
1.116000e+01 4.951405e-03 1.087224e-17 4.952482e-03 0.000000e+00
1.120000e+01 4.917286e-03 6.243390e-18 4.918262e-03 0.000000e+00
1.124000e+01 4.883519e-03 7.282031e-18 4.884391e-03 0.000000e+00
1.128000e+01 4.850097e-03 3.206863e-18 4.850865e-03 0.000000e+00
1.132000e+01 4.817017e-03 -3.183172e-18 4.817680e-03 0.000000e+00
1.136000e+01 4.784274e-03 1.029093e-17 4.784830e-03 0.000000e+00
1.140000e+01 4.751864e-03 3.397831e-18 4.752312e-03 0.000000e+00
1.144000e+01 4.719782e-03 8.562236e-18 4.720121e-03 0.000000e+00
1.148000e+01 4.688024e-03 1.291282e-17 4.688253e-03 0.000000e+00
1.152000e+01 4.656585e-03 2.608245e-18 4.656703e-03 0.000000e+00
1.156000e+01 4.625462e-03 9.984430e-18 4.625468e-03 0.000000e+00
1.160000e+01 4.594650e-03 1.301681e-17 4.594542e-03 0.000000e+00
1.164000e+01 4.564146e-03 5.672886e-18 4.563923e-03 0.000000e+00
1.168000e+01 4.533944e-03 4.279778e-18 4.533606e-03 0.000000e+00
1.172000e+01 4.504043e-03 -5.856665e-18 4.503586e-03 0.000000e+00
1.176000e+01 4.474436e-03 1.312292e-17 4.473862e-03 0.000000e+00
1.180000e+01 4.445122e-03 2.653140e-18 4.444427e-03 0.000000e+00
1.184000e+01 4.416096e-03 5.302546e-18 4.415280e-03 0.000000e+00
1.188000e+01 4.387354e-03 4.952687e-18 4.386415e-03 0.000000e+00
1.192000e+01 4.358893e-03 8.638147e-18 4.357831e-03 0.000000e+00
1.196000e+01 4.330709e-03 -4.873283e-18 4.329522e-03 0.000000e+00
1.200000e+01 4.302799e-03 4.954453e-18 4.301485e-03 0.000000e+00
1.204000e+01 4.275159e-03 4.124959e-18 4.273717e-03 0.000000e+00
1.208000e+01 4.247786e-03 3.319337e-18 4.246215e-03 0.000000e+00
1.212000e+01 4.220677e-03 5.075175e-18 4.218975e-03 0.000000e+00
1.216000e+01 4.193828e-03 1.225872e-18 4.191995e-03 0.000000e+00
1.220000e+01 4.167236e-03 5.559622e-18 4.165269e-03 0.000000e+00
1.224000e+01 4.140898e-03 5.454997e-18 4.138797e-03 0.000000e+00
1.228000e+01 4.114811e-03 -4.687334e-18 4.112573e-03 0.000000e+00
1.232000e+01 4.088972e-03 2.322495e-18 4.086596e-03 0.000000e+00
1.236000e+01 4.063377e-03 -4.613025e-18 4.060862e-03 0.000000e+00
1.240000e+01 4.038024e-03 1.907522e-18 4.035369e-03 0.000000e+00
1.244000e+01 4.012910e-03 1.488748e-18 4.010112e-03 0.000000e+00
1.248000e+01 3.988031e-03 7.714074e-19 3.985090e-03 0.000000e+00
1.252000e+01 3.963386e-03 7.378317e-18 3.960300e-03 0.000000e+00
1.256000e+01 3.938970e-03 8.994633e-18 3.935738e-03 0.000000e+00
1.260000e+01 3.914782e-03 -3.070136e-18 3.911402e-03 0.000000e+00
1.264000e+01 3.890819e-03 1.453094e-18 3.887289e-03 0.000000e+00
1.268000e+01 3.867078e-03 5.851259e-19 3.863397e-03 0.000000e+00
1.272000e+01 3.843556e-03 7.797906e-18 3.839722e-03 0.000000e+00
1.276000e+01 3.820250e-03 1.067833e-18 3.816263e-03 0.000000e+00
1.280000e+01 3.797159e-03 -1.112806e-18 3.793016e-03 0.000000e+00
1.284000e+01 3.774280e-03 1.012976e-17 3.769979e-03 0.000000e+00
1.288000e+01 3.751610e-03 2.323569e-18 3.747150e-03 0.000000e+00
1.292000e+01 3.729146e-03 -3.767129e-18 3.724526e-03 0.000000e+00
1.296000e+01 3.706887e-03 8.781750e-18 3.702104e-03 0.000000e+00
1.300000e+01 3.684830e-03 -7.890025e-19 3.679883e-03 0.000000e+00
1.304000e+01 3.662972e-03 8.000361e-18 3.657860e-03 0.000000e+00
1.308000e+01 3.641311e-03 6.927253e-18 3.636032e-03 0.000000e+00
1.312000e+01 3.619846e-03 -4.538070e-18 3.614398e-03 0.000000e+00
1.316000e+01 3.598573e-03 1.601020e-18 3.592954e-03 0.000000e+00
1.320000e+01 3.577490e-03 1.500488e-18 3.571700e-03 0.000000e+00
1.324000e+01 3.556596e-03 1.302403e-18 3.550632e-03 0.000000e+00
1.328000e+01 3.535888e-03 -2.803704e-18 3.529748e-03 0.000000e+00
1.332000e+01 3.515364e-03 6.929077e-18 3.509047e-03 0.000000e+00
1.336000e+01 3.495022e-03 6.457749e-18 3.488526e-03 0.000000e+00
1.340000e+01 3.474860e-03 5.442291e-18 3.468184e-03 0.000000e+00
1.344000e+01 3.454876e-03 1.720145e-18 3.448017e-03 0.000000e+00
1.348000e+01 3.435067e-03 3.487367e-19 3.428024e-03 0.000000e+00
1.352000e+01 3.415433e-03 -8.093278e-19 3.408204e-03 0.000000e+00
1.356000e+01 3.395970e-03 6.763064e-20 3.388554e-03 0.000000e+00
1.360000e+01 3.376677e-03 3.836402e-19 3.369072e-03 0.000000e+00
1.364000e+01 3.357552e-03 -1.469205e-18 3.349756e-03 0.000000e+00
1.368000e+01 3.338594e-03 -2.647796e-18 3.330605e-03 0.000000e+00
1.372000e+01 3.319800e-03 1.809444e-18 3.311616e-03 0.000000e+00
1.376000e+01 3.301168e-03 -5.387953e-18 3.292788e-03 0.000000e+00
1.380000e+01 3.282697e-03 1.205977e-19 3.274119e-03 0.000000e+00
1.384000e+01 3.264385e-03 3.673013e-18 3.255608e-03 0.000000e+00
1.388000e+01 3.246230e-03 -1.467354e-18 3.237252e-03 0.000000e+00
1.392000e+01 3.228231e-03 -5.054781e-19 3.219049e-03 0.000000e+00
1.396000e+01 3.210386e-03 2.104857e-18 3.200999e-03 0.000000e+00
1.400000e+01 3.192692e-03 -4.987383e-18 3.183099e-03 0.000000e+00
1.404000e+01 3.175149e-03 -4.813117e-18 3.165348e-03 0.000000e+00
1.408000e+01 3.157755e-03 5.428358e-19 3.147743e-03 0.000000e+00
1.412000e+01 3.140508e-03 1.447559e-17 3.130285e-03 0.000000e+00
1.416000e+01 3.123406e-03 1.101147e-17 3.112970e-03 0.000000e+00
1.420000e+01 3.106449e-03 -1.414784e-18 3.095797e-03 0.000000e+00
1.424000e+01 3.089633e-03 -7.437654e-18 3.078766e-03 0.000000e+00
1.428000e+01 3.072959e-03 1.996696e-18 3.061873e-03 0.000000e+00
1.432000e+01 3.056424e-03 7.600607e-18 3.045118e-03 0.000000e+00
1.436000e+01 3.040027e-03 2.570432e-18 3.028500e-03 0.000000e+00
1.440000e+01 3.023766e-03 -9.728053e-18 3.012016e-03 0.000000e+00
1.444000e+01 3.007640e-03 1.868618e-18 2.995666e-03 0.000000e+00
1.448000e+01 2.991647e-03 4.874433e-19 2.979448e-03 0.000000e+00
1.452000e+01 2.975787e-03 -2.559573e-18 2.963360e-03 0.000000e+00
1.456000e+01 2.960056e-03 1.982207e-19 2.947401e-03 0.000000e+00
1.460000e+01 2.944455e-03 -5.713853e-18 2.931570e-03 0.000000e+00
1.464000e+01 2.928982e-03 2.337282e-18 2.915866e-03 0.000000e+00
1.468000e+01 2.913635e-03 -3.209787e-19 2.900286e-03 0.000000e+00
1.472000e+01 2.898413e-03 6.477971e-18 2.884830e-03 0.000000e+00
1.476000e+01 2.883314e-03 4.303904e-18 2.869497e-03 0.000000e+00
1.480000e+01 2.868338e-03 3.163615e-18 2.854285e-03 0.000000e+00
1.484000e+01 2.853483e-03 6.766259e-18 2.839193e-03 0.000000e+00
1.488000e+01 2.838747e-03 -5.886616e-18 2.824220e-03 0.000000e+00
1.492000e+01 2.824129e-03 7.017011e-18 2.809364e-03 0.000000e+00
1.496000e+01 2.809629e-03 4.377863e-18 2.794624e-03 0.000000e+00
1.500000e+01 2.795244e-03 5.448873e-19 2.779999e-03 0.000000e+00
1.504000e+01 2.780973e-03 4.940549e-18 2.765488e-03 0.000000e+00
1.508000e+01 2.766816e-03 -3.967631e-18 2.751090e-03 0.000000e+00
1.512000e+01 2.752770e-03 -3.271129e-18 2.736803e-03 0.000000e+00
1.516000e+01 2.738835e-03 1.741825e-18 2.722626e-03 0.000000e+00
1.520000e+01 2.725009e-03 -3.155775e-18 2.708559e-03 0.000000e+00
1.524000e+01 2.711291e-03 1.258311e-18 2.694600e-03 0.000000e+00
1.528000e+01 2.697679e-03 -6.560842e-18 2.680748e-03 0.000000e+00
1.532000e+01 2.684174e-03 5.693212e-18 2.667002e-03 0.000000e+00
1.536000e+01 2.670772e-03 5.543486e-18 2.653361e-03 0.000000e+00
1.540000e+01 2.657474e-03 3.213075e-18 2.639823e-03 0.000000e+00
1.544000e+01 2.644277e-03 9.666408e-18 2.626389e-03 0.000000e+00
1.548000e+01 2.631180e-03 1.800431e-18 2.613056e-03 0.000000e+00
1.552000e+01 2.618183e-03 1.879206e-18 2.599823e-03 0.000000e+00
1.556000e+01 2.605284e-03 3.015282e-19 2.586691e-03 0.000000e+00
1.560000e+01 2.592481e-03 -4.598883e-19 2.573657e-03 0.000000e+00
1.564000e+01 2.579774e-03 4.751706e-18 2.560721e-03 0.000000e+00
1.568000e+01 2.567161e-03 2.800904e-18 2.547881e-03 0.000000e+00
1.572000e+01 2.554640e-03 8.754521e-18 2.535138e-03 0.000000e+00
1.576000e+01 2.542211e-03 4.030766e-18 2.522489e-03 0.000000e+00
1.580000e+01 2.529873e-03 2.878537e-18 2.509934e-03 0.000000e+00
1.584000e+01 2.517623e-03 3.610850e-20 2.497473e-03 0.000000e+00
1.588000e+01 2.505460e-03 3.901202e-18 2.485103e-03 0.000000e+00
1.592000e+01 2.493384e-03 7.252220e-19 2.472825e-03 0.000000e+00
1.596000e+01 2.481393e-03 1.234651e-18 2.460636e-03 0.000000e+00
1.600000e+01 2.469485e-03 -1.380347e-17 2.448538e-03 0.000000e+00
1.604000e+01 2.457658e-03 3.302016e-18 2.436527e-03 0.000000e+00
1.608000e+01 2.445913e-03 6.050063e-18 2.424605e-03 0.000000e+00
1.612000e+01 2.434246e-03 4.656928e-18 2.412769e-03 0.000000e+00
1.616000e+01 2.422656e-03 -2.418171e-19 2.401020e-03 0.000000e+00
1.620000e+01 2.411143e-03 -5.331361e-18 2.389355e-03 0.000000e+00
1.624000e+01 2.399703e-03 -4.327536e-19 2.377775e-03 0.000000e+00
1.628000e+01 2.388336e-03 7.367244e-18 2.366278e-03 0.000000e+00
1.632000e+01 2.377041e-03 3.907262e-18 2.354865e-03 0.000000e+00
1.636000e+01 2.365814e-03 -4.215279e-18 2.343533e-03 0.000000e+00
1.640000e+01 2.354655e-03 -1.662769e-18 2.332282e-03 0.000000e+00
1.644000e+01 2.343562e-03 1.486201e-18 2.321112e-03 0.000000e+00
1.648000e+01 2.332532e-03 -1.456366e-18 2.310022e-03 0.000000e+00
1.652000e+01 2.321565e-03 8.884524e-18 2.299010e-03 0.000000e+00
1.656000e+01 2.310657e-03 4.324728e-18 2.288077e-03 0.000000e+00
1.660000e+01 2.299807e-03 1.981100e-18 2.277221e-03 0.000000e+00
1.664000e+01 2.289013e-03 2.643535e-18 2.266441e-03 0.000000e+00
1.668000e+01 2.278273e-03 2.520818e-18 2.255738e-03 0.000000e+00
1.672000e+01 2.267584e-03 -6.189094e-18 2.245110e-03 0.000000e+00
1.676000e+01 2.256945e-03 8.384239e-18 2.234556e-03 0.000000e+00
1.680000e+01 2.246353e-03 3.203798e-18 2.224077e-03 0.000000e+00
1.684000e+01 2.235806e-03 -3.502977e-18 2.213671e-03 0.000000e+00
1.688000e+01 2.225301e-03 -5.466027e-18 2.203337e-03 0.000000e+00
1.692000e+01 2.214837e-03 4.640849e-18 2.193075e-03 0.000000e+00
1.696000e+01 2.204411e-03 -3.965655e-18 2.182884e-03 0.000000e+00
1.700000e+01 2.194020e-03 -1.030761e-17 2.172764e-03 0.000000e+00
1.704000e+01 2.183663e-03 1.037194e-17 2.162713e-03 0.000000e+00
1.708000e+01 2.173338e-03 7.459508e-18 2.152732e-03 0.000000e+00
1.712000e+01 2.163042e-03 4.231733e-18 2.142820e-03 0.000000e+00
1.716000e+01 2.152774e-03 -2.844069e-18 2.132975e-03 0.000000e+00
1.720000e+01 2.142532e-03 -4.178894e-18 2.123198e-03 0.000000e+00
1.724000e+01 2.132315e-03 7.527300e-18 2.113488e-03 0.000000e+00
1.728000e+01 2.122123e-03 -8.632774e-19 2.103844e-03 0.000000e+00
1.732000e+01 2.111953e-03 8.499264e-19 2.094265e-03 0.000000e+00
1.736000e+01 2.101808e-03 1.147283e-18 2.084752e-03 0.000000e+00
1.740000e+01 2.091687e-03 2.974933e-18 2.075302e-03 0.000000e+00
1.744000e+01 2.081591e-03 -1.058707e-18 2.065917e-03 0.000000e+00
1.748000e+01 2.071524e-03 5.917324e-18 2.056595e-03 0.000000e+00
1.752000e+01 2.061486e-03 6.135620e-18 2.047335e-03 0.000000e+00
1.756000e+01 2.051484e-03 1.288595e-18 2.038138e-03 0.000000e+00
1.760000e+01 2.041521e-03 -1.196563e-17 2.029002e-03 0.000000e+00
1.764000e+01 2.031604e-03 -3.733274e-18 2.019928e-03 0.000000e+00
1.768000e+01 2.021739e-03 -7.366100e-18 2.010913e-03 0.000000e+00
1.772000e+01 2.011935e-03 6.776163e-18 2.001959e-03 0.000000e+00
1.776000e+01 2.002202e-03 -4.675993e-18 1.993064e-03 0.000000e+00
1.780000e+01 1.992549e-03 -9.945524e-19 1.984228e-03 0.000000e+00
1.784000e+01 1.982989e-03 6.052205e-18 1.975451e-03 0.000000e+00
1.788000e+01 1.973532e-03 3.649118e-18 1.966731e-03 0.000000e+00
1.792000e+01 1.964192e-03 6.284282e-18 1.958069e-03 0.000000e+00
1.796000e+01 1.954982e-03 -7.849246e-19 1.949463e-03 0.000000e+00
1.800000e+01 1.945914e-03 -2.700281e-18 1.940914e-03 0.000000e+00
1.804000e+01 1.937002e-03 -5.314474e-18 1.932421e-03 0.000000e+00
1.808000e+01 1.928258e-03 1.662260e-18 1.923983e-03 0.000000e+00
1.812000e+01 1.919694e-03 8.792903e-18 1.915600e-03 0.000000e+00
1.816000e+01 1.911322e-03 -3.497979e-18 1.907272e-03 0.000000e+00
1.820000e+01 1.903151e-03 4.079109e-18 1.898997e-03 0.000000e+00
1.824000e+01 1.895191e-03 3.391332e-18 1.890776e-03 0.000000e+00
1.828000e+01 1.887449e-03 8.117189e-18 1.882608e-03 0.000000e+00
1.832000e+01 1.879931e-03 -6.666198e-18 1.874493e-03 0.000000e+00
1.836000e+01 1.872642e-03 7.939854e-18 1.866430e-03 0.000000e+00
1.840000e+01 1.865586e-03 -8.569053e-19 1.858418e-03 0.000000e+00
1.844000e+01 1.858765e-03 4.552015e-18 1.850458e-03 0.000000e+00
1.848000e+01 1.852180e-03 -1.436138e-18 1.842549e-03 0.000000e+00
1.852000e+01 1.845831e-03 6.311779e-18 1.834690e-03 0.000000e+00
1.856000e+01 1.839718e-03 7.948952e-19 1.826881e-03 0.000000e+00
1.860000e+01 1.833838e-03 3.972412e-18 1.819122e-03 0.000000e+00
1.864000e+01 1.828189e-03 5.860654e-18 1.811411e-03 0.000000e+00
1.868000e+01 1.822767e-03 3.666467e-18 1.803750e-03 0.000000e+00
1.872000e+01 1.817569e-03 -4.248551e-19 1.796137e-03 0.000000e+00
1.876000e+01 1.812591e-03 5.626928e-18 1.788571e-03 0.000000e+00
1.880000e+01 1.807828e-03 1.598453e-18 1.781054e-03 0.000000e+00
1.884000e+01 1.803275e-03 4.030508e-18 1.773583e-03 0.000000e+00
1.888000e+01 1.798928e-03 -3.157641e-19 1.766159e-03 0.000000e+00
1.892000e+01 1.794783e-03 5.410647e-18 1.758781e-03 0.000000e+00
1.896000e+01 1.790833e-03 5.505556e-18 1.751450e-03 0.000000e+00
1.900000e+01 1.787075e-03 3.389295e-18 1.744164e-03 0.000000e+00
1.904000e+01 1.783503e-03 4.579862e-19 1.736923e-03 0.000000e+00
1.908000e+01 1.780114e-03 2.948962e-18 1.729727e-03 0.000000e+00
1.912000e+01 1.776902e-03 3.174166e-19 1.722575e-03 0.000000e+00
1.916000e+01 1.773863e-03 2.961560e-18 1.715468e-03 0.000000e+00
1.920000e+01 1.770994e-03 -5.454972e-18 1.708404e-03 0.000000e+00
1.924000e+01 1.768290e-03 7.039199e-18 1.701384e-03 0.000000e+00
1.928000e+01 1.765747e-03 6.450373e-19 1.694407e-03 0.000000e+00
1.932000e+01 1.763363e-03 9.310492e-19 1.687472e-03 0.000000e+00
1.936000e+01 1.761133e-03 1.286804e-18 1.680580e-03 0.000000e+00
1.940000e+01 1.759055e-03 2.092403e-18 1.673730e-03 0.000000e+00
1.944000e+01 1.757125e-03 3.562283e-18 1.666921e-03 0.000000e+00
1.948000e+01 1.755342e-03 6.235548e-18 1.660154e-03 0.000000e+00
1.952000e+01 1.753702e-03 2.870380e-18 1.653427e-03 0.000000e+00
1.956000e+01 1.752204e-03 3.094902e-18 1.646742e-03 0.000000e+00
1.960000e+01 1.750844e-03 9.933846e-19 1.640096e-03 0.000000e+00
1.964000e+01 1.749623e-03 -6.616047e-18 1.633491e-03 0.000000e+00
1.968000e+01 1.748536e-03 2.213551e-18 1.626925e-03 0.000000e+00
1.972000e+01 1.747585e-03 2.625236e-18 1.620399e-03 0.000000e+00
1.976000e+01 1.746766e-03 -2.352338e-19 1.613912e-03 0.000000e+00
1.980000e+01 1.746079e-03 4.214280e-18 1.607463e-03 0.000000e+00
1.984000e+01 1.745522e-03 -1.777224e-18 1.601053e-03 0.000000e+00
1.988000e+01 1.745096e-03 9.145523e-18 1.594681e-03 0.000000e+00
1.992000e+01 1.744800e-03 -4.393503e-18 1.588347e-03 0.000000e+00
1.996000e+01 1.744633e-03 -1.412735e-18 1.582051e-03 0.000000e+00
