# "w" "numerical(real, imag)" "exact(real, imag)"
-5.000000e+00 3.852072e-03 9.413725e-19 5.092958e-03 0.000000e+00
-4.990000e+00 3.845750e-03 6.359565e-19 5.101934e-03 0.000000e+00
-4.980000e+00 3.839534e-03 6.638650e-19 5.110932e-03 0.000000e+00
-4.970000e+00 3.833422e-03 9.035762e-19 5.119955e-03 0.000000e+00
-4.960000e+00 3.827415e-03 3.957145e-19 5.129001e-03 0.000000e+00
-4.950000e+00 3.821510e-03 1.513698e-18 5.138070e-03 0.000000e+00
-4.940000e+00 3.815707e-03 9.175447e-19 5.147164e-03 0.000000e+00
-4.930000e+00 3.810005e-03 7.085437e-19 5.156281e-03 0.000000e+00
-4.920000e+00 3.804403e-03 8.676506e-19 5.165423e-03 0.000000e+00
-4.910000e+00 3.798899e-03 1.919697e-19 5.174588e-03 0.000000e+00
-4.900000e+00 3.793494e-03 1.004571e-18 5.183778e-03 0.000000e+00
-4.890000e+00 3.788185e-03 6.122407e-19 5.192992e-03 0.000000e+00
-4.880000e+00 3.782973e-03 8.433240e-19 5.202230e-03 0.000000e+00
-4.870000e+00 3.777855e-03 1.060191e-18 5.211493e-03 0.000000e+00
-4.860000e+00 3.772832e-03 1.061725e-18 5.220780e-03 0.000000e+00
-4.850000e+00 3.767902e-03 1.141922e-18 5.230091e-03 0.000000e+00
-4.840000e+00 3.763064e-03 8.725382e-19 5.239427e-03 0.000000e+00
-4.830000e+00 3.758317e-03 1.090824e-18 5.248788e-03 0.000000e+00
-4.820000e+00 3.753662e-03 5.882821e-19 5.258174e-03 0.000000e+00
-4.810000e+00 3.749096e-03 9.156815e-19 5.267585e-03 0.000000e+00
-4.800000e+00 3.744619e-03 6.456039e-19 5.277021e-03 0.000000e+00
-4.790000e+00 3.740230e-03 7.689276e-19 5.286481e-03 0.000000e+00
-4.780000e+00 3.735928e-03 5.461337e-19 5.295967e-03 0.000000e+00
-4.770000e+00 3.731713e-03 5.379065e-19 5.305479e-03 0.000000e+00
-4.760000e+00 3.727583e-03 9.271530e-19 5.315015e-03 0.000000e+00
-4.750000e+00 3.723538e-03 8.770802e-19 5.324577e-03 0.000000e+00
-4.740000e+00 3.719578e-03 3.277429e-19 5.334165e-03 0.000000e+00
-4.730000e+00 3.715701e-03 7.608067e-19 5.343778e-03 0.000000e+00
-4.720000e+00 3.711906e-03 8.644934e-19 5.353417e-03 0.000000e+00
-4.710000e+00 3.708193e-03 6.528892e-19 5.363082e-03 0.000000e+00
-4.700000e+00 3.704562e-03 4.325093e-19 5.372772e-03 0.000000e+00
-4.690000e+00 3.701011e-03 1.075680e-18 5.382489e-03 0.000000e+00
-4.680000e+00 3.697539e-03 1.156001e-18 5.392231e-03 0.000000e+00
-4.670000e+00 3.694147e-03 5.580043e-19 5.402000e-03 0.000000e+00
-4.660000e+00 3.690833e-03 1.071904e-18 5.411795e-03 0.000000e+00
-4.650000e+00 3.687597e-03 8.009714e-19 5.421617e-03 0.000000e+00
-4.640000e+00 3.684438e-03 5.400483e-19 5.431464e-03 0.000000e+00
-4.630000e+00 3.681355e-03 8.173056e-19 5.441339e-03 0.000000e+00
-4.620000e+00 3.678348e-03 3.621139e-19 5.451240e-03 0.000000e+00
-4.610000e+00 3.675416e-03 1.008685e-18 5.461168e-03 0.000000e+00
-4.600000e+00 3.672558e-03 7.517584e-19 5.471122e-03 0.000000e+00
-4.590000e+00 3.669774e-03 5.092143e-19 5.481104e-03 0.000000e+00
-4.580000e+00 3.667064e-03 2.610213e-19 5.491112e-03 0.000000e+00
-4.570000e+00 3.664426e-03 1.135424e-18 5.501148e-03 0.000000e+00
-4.560000e+00 3.661860e-03 3.475115e-19 5.511211e-03 0.000000e+00
-4.550000e+00 3.659365e-03 1.193446e-18 5.521301e-03 0.000000e+00
-4.540000e+00 3.656942e-03 7.201518e-19 5.531418e-03 0.000000e+00
-4.530000e+00 3.654588e-03 8.133191e-19 5.541563e-03 0.000000e+00
-4.520000e+00 3.652305e-03 1.093962e-18 5.551736e-03 0.000000e+00
-4.510000e+00 3.650091e-03 4.212877e-19 5.561936e-03 0.000000e+00
-4.500000e+00 3.647945e-03 7.143081e-19 5.572164e-03 0.000000e+00
-4.490000e+00 3.645867e-03 3.698613e-20 5.582420e-03 0.000000e+00
-4.480000e+00 3.643857e-03 8.485521e-19 5.592704e-03 0.000000e+00
-4.470000e+00 3.641915e-03 6.528769e-19 5.603016e-03 0.000000e+00
-4.460000e+00 3.640038e-03 9.309961e-19 5.613357e-03 0.000000e+00
-4.450000e+00 3.638228e-03 1.109727e-18 5.623725e-03 0.000000e+00
-4.440000e+00 3.636483e-03 8.644453e-19 5.634122e-03 0.000000e+00
-4.430000e+00 3.634804e-03 8.553138e-19 5.644548e-03 0.000000e+00
-4.420000e+00 3.633189e-03 5.257197e-19 5.655002e-03 0.000000e+00
-4.410000e+00 3.631638e-03 6.330584e-19 5.665485e-03 0.000000e+00
-4.400000e+00 3.630151e-03 1.127900e-18 5.675997e-03 0.000000e+00
-4.390000e+00 3.628727e-03 5.484848e-19 5.686537e-03 0.000000e+00
-4.380000e+00 3.627365e-03 4.227131e-19 5.697107e-03 0.000000e+00
-4.370000e+00 3.626067e-03 5.267385e-19 5.707705e-03 0.000000e+00
-4.360000e+00 3.624829e-03 6.364643e-19 5.718333e-03 0.000000e+00
-4.350000e+00 3.623654e-03 1.125634e-18 5.728991e-03 0.000000e+00
-4.340000e+00 3.622539e-03 1.241716e-18 5.739677e-03 0.000000e+00
-4.330000e+00 3.621485e-03 2.133857e-19 5.750394e-03 0.000000e+00
-4.320000e+00 3.620491e-03 4.170681e-19 5.761140e-03 0.000000e+00
-4.310000e+00 3.619557e-03 8.133073e-19 5.771916e-03 0.000000e+00
-4.300000e+00 3.618682e-03 3.167369e-19 5.782721e-03 0.000000e+00
-4.290000e+00 3.617866e-03 7.958984e-19 5.793557e-03 0.000000e+00
-4.280000e+00 3.617108e-03 8.590223e-19 5.804422e-03 0.000000e+00
-4.270000e+00 3.616409e-03 5.311478e-20 5.815318e-03 0.000000e+00
-4.260000e+00 3.615768e-03 5.867157e-19 5.826245e-03 0.000000e+00
-4.250000e+00 3.615183e-03 7.145256e-19 5.837201e-03 0.000000e+00
-4.240000e+00 3.614657e-03 6.301240e-19 5.848189e-03 0.000000e+00
-4.230000e+00 3.614186e-03 6.694926e-19 5.859206e-03 0.000000e+00
-4.220000e+00 3.613772e-03 3.671966e-19 5.870255e-03 0.000000e+00
-4.210000e+00 3.613414e-03 7.102678e-19 5.881335e-03 0.000000e+00
-4.200000e+00 3.613112e-03 8.068952e-19 5.892445e-03 0.000000e+00
-4.190000e+00 3.612865e-03 9.771483e-19 5.903587e-03 0.000000e+00
-4.180000e+00 3.612673e-03 5.403391e-20 5.914760e-03 0.000000e+00
-4.170000e+00 3.612535e-03 7.715421e-19 5.925964e-03 0.000000e+00
-4.160000e+00 3.612452e-03 3.587427e-19 5.937199e-03 0.000000e+00
-4.150000e+00 3.612423e-03 9.249148e-19 5.948467e-03 0.000000e+00
-4.140000e+00 3.612447e-03 9.730271e-19 5.959766e-03 0.000000e+00
-4.130000e+00 3.612525e-03 6.867222e-19 5.971096e-03 0.000000e+00
-4.120000e+00 3.612656e-03 8.612329e-19 5.982459e-03 0.000000e+00
-4.110000e+00 3.612840e-03 -1.362921e-19 5.993854e-03 0.000000e+00
-4.100000e+00 3.613076e-03 -1.673378e-19 6.005280e-03 0.000000e+00
-4.090000e+00 3.613364e-03 3.880172e-19 6.016739e-03 0.000000e+00
-4.080000e+00 3.613705e-03 5.348897e-19 6.028231e-03 0.000000e+00
-4.070000e+00 3.614096e-03 7.607854e-19 6.039755e-03 0.000000e+00
-4.060000e+00 3.614539e-03 6.951813e-19 6.051312e-03 0.000000e+00
-4.050000e+00 3.615034e-03 7.415790e-19 6.062901e-03 0.000000e+00
-4.040000e+00 3.615578e-03 4.862422e-19 6.074523e-03 0.000000e+00
-4.030000e+00 3.616174e-03 4.530158e-19 6.086179e-03 0.000000e+00
-4.020000e+00 3.616820e-03 4.357671e-19 6.097867e-03 0.000000e+00
-4.010000e+00 3.617515e-03 3.556718e-19 6.109589e-03 0.000000e+00
-4.000000e+00 3.618261e-03 9.305891e-19 6.121344e-03 0.000000e+00
-3.990000e+00 3.619056e-03 1.036777e-18 6.133133e-03 0.000000e+00
-3.980000e+00 3.619900e-03 5.722880e-19 6.144955e-03 0.000000e+00
-3.970000e+00 3.620793e-03 -2.667032e-19 6.156811e-03 0.000000e+00
-3.960000e+00 3.621735e-03 2.156403e-19 6.168701e-03 0.000000e+00
-3.950000e+00 3.622726e-03 7.550540e-19 6.180624e-03 0.000000e+00
-3.940000e+00 3.623765e-03 8.209058e-19 6.192582e-03 0.000000e+00
-3.930000e+00 3.624852e-03 -4.769605e-20 6.204575e-03 0.000000e+00
-3.920000e+00 3.625986e-03 4.332533e-19 6.216601e-03 0.000000e+00
-3.910000e+00 3.627169e-03 9.755146e-19 6.228663e-03 0.000000e+00
-3.900000e+00 3.628399e-03 1.889858e-19 6.240758e-03 0.000000e+00
-3.890000e+00 3.629676e-03 7.592635e-19 6.252889e-03 0.000000e+00
-3.880000e+00 3.631000e-03 3.032449e-19 6.265055e-03 0.000000e+00
-3.870000e+00 3.632372e-03 4.145384e-19 6.277255e-03 0.000000e+00
-3.860000e+00 3.633789e-03 1.658114e-19 6.289491e-03 0.000000e+00
-3.850000e+00 3.635254e-03 2.321892e-19 6.301762e-03 0.000000e+00
-3.840000e+00 3.636764e-03 5.840710e-19 6.314069e-03 0.000000e+00
-3.830000e+00 3.638321e-03 7.647310e-19 6.326411e-03 0.000000e+00
-3.820000e+00 3.639923e-03 2.783043e-19 6.338789e-03 0.000000e+00
-3.810000e+00 3.641571e-03 3.459282e-19 6.351203e-03 0.000000e+00
-3.800000e+00 3.643265e-03 7.591489e-19 6.363652e-03 0.000000e+00
-3.790000e+00 3.645004e-03 3.282071e-19 6.376138e-03 0.000000e+00
-3.780000e+00 3.646788e-03 -1.039340e-19 6.388660e-03 0.000000e+00
-3.770000e+00 3.648617e-03 7.373994e-19 6.401219e-03 0.000000e+00
-3.760000e+00 3.650491e-03 1.360394e-19 6.413814e-03 0.000000e+00
-3.750000e+00 3.652410e-03 1.211233e-18 6.426446e-03 0.000000e+00
-3.740000e+00 3.654373e-03 6.749607e-19 6.439114e-03 0.000000e+00
-3.730000e+00 3.656381e-03 8.331008e-20 6.451820e-03 0.000000e+00
-3.720000e+00 3.658433e-03 3.296261e-19 6.464563e-03 0.000000e+00
-3.710000e+00 3.660529e-03 1.089734e-19 6.477342e-03 0.000000e+00
-3.700000e+00 3.662668e-03 -1.592377e-19 6.490160e-03 0.000000e+00
-3.690000e+00 3.664852e-03 -1.232421e-19 6.503015e-03 0.000000e+00
-3.680000e+00 3.667079e-03 2.508535e-19 6.515907e-03 0.000000e+00
-3.670000e+00 3.669350e-03 4.315867e-19 6.528838e-03 0.000000e+00
-3.660000e+00 3.671664e-03 3.629769e-19 6.541806e-03 0.000000e+00
-3.650000e+00 3.674022e-03 5.064203e-19 6.554812e-03 0.000000e+00
-3.640000e+00 3.676422e-03 3.025487e-19 6.567857e-03 0.000000e+00
-3.630000e+00 3.678866e-03 7.440710e-19 6.580940e-03 0.000000e+00
-3.620000e+00 3.681352e-03 -2.483554e-19 6.594062e-03 0.000000e+00
-3.610000e+00 3.683881e-03 2.402520e-19 6.607223e-03 0.000000e+00
-3.600000e+00 3.686453e-03 2.635917e-19 6.620422e-03 0.000000e+00
-3.590000e+00 3.689067e-03 1.912171e-19 6.633660e-03 0.000000e+00
-3.580000e+00 3.691724e-03 -3.641560e-20 6.646938e-03 0.000000e+00
-3.570000e+00 3.694423e-03 -2.723937e-19 6.660255e-03 0.000000e+00
-3.560000e+00 3.697164e-03 -5.848272e-20 6.673611e-03 0.000000e+00
-3.550000e+00 3.699947e-03 5.901568e-19 6.687007e-03 0.000000e+00
-3.540000e+00 3.702773e-03 4.265144e-19 6.700443e-03 0.000000e+00
-3.530000e+00 3.705640e-03 -4.396708e-19 6.713918e-03 0.000000e+00
-3.520000e+00 3.708549e-03 3.301743e-19 6.727434e-03 0.000000e+00
-3.510000e+00 3.711499e-03 4.803559e-19 6.740990e-03 0.000000e+00
-3.500000e+00 3.714491e-03 3.230946e-19 6.754586e-03 0.000000e+00
-3.490000e+00 3.717525e-03 8.818668e-20 6.768223e-03 0.000000e+00
-3.480000e+00 3.720600e-03 1.742692e-19 6.781901e-03 0.000000e+00
-3.470000e+00 3.723717e-03 3.324110e-19 6.795620e-03 0.000000e+00
-3.460000e+00 3.726874e-03 2.445018e-19 6.809379e-03 0.000000e+00
-3.450000e+00 3.730073e-03 -1.137527e-20 6.823180e-03 0.000000e+00
-3.440000e+00 3.733313e-03 2.974101e-19 6.837022e-03 0.000000e+00
-3.430000e+00 3.736594e-03 8.902546e-19 6.850906e-03 0.000000e+00
-3.420000e+00 3.739916e-03 -2.170449e-19 6.864832e-03 0.000000e+00
-3.410000e+00 3.743279e-03 -2.263207e-19 6.878799e-03 0.000000e+00
-3.400000e+00 3.746682e-03 3.470210e-19 6.892808e-03 0.000000e+00
-3.390000e+00 3.750127e-03 1.245807e-19 6.906860e-03 0.000000e+00
-3.380000e+00 3.753612e-03 -1.651581e-19 6.920954e-03 0.000000e+00
-3.370000e+00 3.757137e-03 4.463676e-19 6.935090e-03 0.000000e+00
-3.360000e+00 3.760704e-03 5.743243e-20 6.949269e-03 0.000000e+00
-3.350000e+00 3.764310e-03 9.614628e-19 6.963491e-03 0.000000e+00
-3.340000e+00 3.767958e-03 3.290102e-19 6.977756e-03 0.000000e+00
-3.330000e+00 3.771645e-03 2.104551e-19 6.992064e-03 0.000000e+00
-3.320000e+00 3.775373e-03 1.269903e-19 7.006416e-03 0.000000e+00
-3.310000e+00 3.779141e-03 1.198000e-19 7.020811e-03 0.000000e+00
-3.300000e+00 3.782950e-03 -2.759657e-19 7.035250e-03 0.000000e+00
-3.290000e+00 3.786798e-03 3.216040e-20 7.049733e-03 0.000000e+00
-3.280000e+00 3.790687e-03 6.229916e-20 7.064260e-03 0.000000e+00
-3.270000e+00 3.794616e-03 6.984846e-19 7.078831e-03 0.000000e+00
-3.260000e+00 3.798585e-03 -3.875395e-19 7.093446e-03 0.000000e+00
-3.250000e+00 3.802594e-03 7.047847e-19 7.108106e-03 0.000000e+00
-3.240000e+00 3.806644e-03 -2.573722e-19 7.122811e-03 0.000000e+00
-3.230000e+00 3.810733e-03 1.378324e-19 7.137561e-03 0.000000e+00
-3.220000e+00 3.814862e-03 4.719387e-19 7.152356e-03 0.000000e+00
-3.210000e+00 3.819031e-03 -3.419832e-19 7.167196e-03 0.000000e+00
-3.200000e+00 3.823240e-03 -1.165952e-19 7.182082e-03 0.000000e+00
-3.190000e+00 3.827488e-03 8.231991e-19 7.197014e-03 0.000000e+00
-3.180000e+00 3.831777e-03 9.261942e-20 7.211991e-03 0.000000e+00
-3.170000e+00 3.836106e-03 4.555507e-20 7.227015e-03 0.000000e+00
-3.160000e+00 3.840474e-03 -5.640134e-20 7.242084e-03 0.000000e+00
-3.150000e+00 3.844882e-03 6.491111e-19 7.257201e-03 0.000000e+00
-3.140000e+00 3.849330e-03 8.222062e-20 7.272363e-03 0.000000e+00
-3.130000e+00 3.853818e-03 -5.681323e-19 7.287573e-03 0.000000e+00
-3.120000e+00 3.858345e-03 -1.297898e-19 7.302829e-03 0.000000e+00
-3.110000e+00 3.862912e-03 4.351290e-19 7.318133e-03 0.000000e+00
-3.100000e+00 3.867519e-03 1.831476e-19 7.333484e-03 0.000000e+00
-3.090000e+00 3.872166e-03 3.092802e-19 7.348883e-03 0.000000e+00
-3.080000e+00 3.876852e-03 6.069585e-20 7.364329e-03 0.000000e+00
-3.070000e+00 3.881578e-03 5.561209e-19 7.379824e-03 0.000000e+00
-3.060000e+00 3.886344e-03 -2.237531e-19 7.395367e-03 0.000000e+00
-3.050000e+00 3.891150e-03 -8.027629e-20 7.410957e-03 0.000000e+00
-3.040000e+00 3.895996e-03 1.989195e-19 7.426597e-03 0.000000e+00
-3.030000e+00 3.900881e-03 1.055917e-18 7.442285e-03 0.000000e+00
-3.020000e+00 3.905806e-03 -6.604123e-21 7.458022e-03 0.000000e+00
-3.010000e+00 3.910770e-03 -4.754414e-19 7.473809e-03 0.000000e+00
-3.000000e+00 3.915775e-03 -1.824729e-19 7.489644e-03 0.000000e+00
-2.990000e+00 3.920819e-03 -1.709570e-19 7.505530e-03 0.000000e+00
-2.980000e+00 3.925904e-03 -1.133101e-19 7.521465e-03 0.000000e+00
-2.970000e+00 3.931028e-03 -1.831012e-19 7.537450e-03 0.000000e+00
-2.960000e+00 3.936191e-03 -3.079241e-19 7.553485e-03 0.000000e+00
-2.950000e+00 3.941395e-03 5.349511e-19 7.569570e-03 0.000000e+00
-2.940000e+00 3.946639e-03 2.158019e-19 7.585706e-03 0.000000e+00
-2.930000e+00 3.951922e-03 -4.470045e-19 7.601893e-03 0.000000e+00
-2.920000e+00 3.957246e-03 3.658398e-20 7.618131e-03 0.000000e+00
-2.910000e+00 3.962609e-03 3.674824e-19 7.634420e-03 0.000000e+00
-2.900000e+00 3.968013e-03 -4.948190e-19 7.650760e-03 0.000000e+00
-2.890000e+00 3.973456e-03 -5.430502e-19 7.667152e-03 0.000000e+00
-2.880000e+00 3.978940e-03 -1.918446e-19 7.683596e-03 0.000000e+00
-2.870000e+00 3.984464e-03 8.425990e-19 7.700092e-03 0.000000e+00
-2.860000e+00 3.990027e-03 -3.613685e-19 7.716641e-03 0.000000e+00
-2.850000e+00 3.995631e-03 -3.602002e-19 7.733241e-03 0.000000e+00
-2.840000e+00 4.001276e-03 -2.753917e-19 7.749895e-03 0.000000e+00
-2.830000e+00 4.006960e-03 6.301629e-20 7.766601e-03 0.000000e+00
-2.820000e+00 4.012685e-03 2.281629e-19 7.783361e-03 0.000000e+00
-2.810000e+00 4.018450e-03 -2.347238e-19 7.800174e-03 0.000000e+00
-2.800000e+00 4.024256e-03 5.996196e-20 7.817040e-03 0.000000e+00
-2.790000e+00 4.030101e-03 4.358141e-19 7.833961e-03 0.000000e+00
-2.780000e+00 4.035988e-03 3.005810e-20 7.850935e-03 0.000000e+00
-2.770000e+00 4.041915e-03 -4.384200e-19 7.867964e-03 0.000000e+00
-2.760000e+00 4.047883e-03 -3.188440e-19 7.885047e-03 0.000000e+00
-2.750000e+00 4.053891e-03 -1.682646e-20 7.902185e-03 0.000000e+00
-2.740000e+00 4.059940e-03 -2.256775e-20 7.919378e-03 0.000000e+00
-2.730000e+00 4.066029e-03 -2.590606e-19 7.936626e-03 0.000000e+00
-2.720000e+00 4.072160e-03 -4.259363e-19 7.953929e-03 0.000000e+00
-2.710000e+00 4.078331e-03 5.434301e-19 7.971288e-03 0.000000e+00
-2.700000e+00 4.084544e-03 -9.365987e-20 7.988703e-03 0.000000e+00
-2.690000e+00 4.090797e-03 9.478069e-20 8.006175e-03 0.000000e+00
-2.680000e+00 4.097092e-03 -2.876248e-19 8.023702e-03 0.000000e+00
-2.670000e+00 4.103427e-03 1.525644e-19 8.041286e-03 0.000000e+00
-2.660000e+00 4.109804e-03 -2.895870e-19 8.058927e-03 0.000000e+00
-2.650000e+00 4.116222e-03 -4.551191e-19 8.076625e-03 0.000000e+00
-2.640000e+00 4.122682e-03 -4.053022e-19 8.094380e-03 0.000000e+00
-2.630000e+00 4.129183e-03 6.126282e-19 8.112193e-03 0.000000e+00
-2.620000e+00 4.135725e-03 -3.518754e-19 8.130064e-03 0.000000e+00
-2.610000e+00 4.142310e-03 -8.777651e-19 8.147993e-03 0.000000e+00
-2.600000e+00 4.148935e-03 -2.106786e-19 8.165980e-03 0.000000e+00
-2.590000e+00 4.155603e-03 -3.240168e-19 8.184025e-03 0.000000e+00
-2.580000e+00 4.162312e-03 -4.461229e-19 8.202130e-03 0.000000e+00
-2.570000e+00 4.169063e-03 -3.438272e-19 8.220293e-03 0.000000e+00
-2.560000e+00 4.175857e-03 -2.324344e-19 8.238516e-03 0.000000e+00
-2.550000e+00 4.182692e-03 6.500201e-19 8.256798e-03 0.000000e+00
-2.540000e+00 4.189570e-03 -6.222213e-19 8.275140e-03 0.000000e+00
-2.530000e+00 4.196490e-03 -4.540081e-19 8.293542e-03 0.000000e+00
-2.520000e+00 4.203452e-03 -7.565718e-20 8.312005e-03 0.000000e+00
-2.510000e+00 4.210457e-03 1.976391e-19 8.330528e-03 0.000000e+00
-2.500000e+00 4.217504e-03 -7.752729e-19 8.349112e-03 0.000000e+00
-2.490000e+00 4.224594e-03 -8.190252e-19 8.367757e-03 0.000000e+00
-2.480000e+00 4.231727e-03 -5.571622e-19 8.386463e-03 0.000000e+00
-2.470000e+00 4.238902e-03 8.252387e-19 8.405231e-03 0.000000e+00
-2.460000e+00 4.246121e-03 -7.418118e-19 8.424061e-03 0.000000e+00
-2.450000e+00 4.253382e-03 -6.666943e-19 8.442953e-03 0.000000e+00
-2.440000e+00 4.260687e-03 -6.974695e-19 8.461908e-03 0.000000e+00
-2.430000e+00 4.268035e-03 1.360603e-20 8.480925e-03 0.000000e+00
-2.420000e+00 4.275427e-03 -8.811945e-20 8.500005e-03 0.000000e+00
-2.410000e+00 4.282862e-03 -5.165901e-19 8.519148e-03 0.000000e+00
-2.400000e+00 4.290340e-03 -5.682193e-19 8.538355e-03 0.000000e+00
-2.390000e+00 4.297863e-03 1.846027e-19 8.557626e-03 0.000000e+00
-2.380000e+00 4.305429e-03 -1.565428e-19 8.576961e-03 0.000000e+00
-2.370000e+00 4.313039e-03 -5.223677e-19 8.596360e-03 0.000000e+00
-2.360000e+00 4.320693e-03 -5.566364e-19 8.615824e-03 0.000000e+00
-2.350000e+00 4.328392e-03 -2.982987e-19 8.635352e-03 0.000000e+00
-2.340000e+00 4.336135e-03 -1.827648e-19 8.654946e-03 0.000000e+00
-2.330000e+00 4.343922e-03 -4.806421e-19 8.674606e-03 0.000000e+00
-2.320000e+00 4.351754e-03 -7.261349e-19 8.694331e-03 0.000000e+00
-2.310000e+00 4.359630e-03 -1.515456e-19 8.714122e-03 0.000000e+00
-2.300000e+00 4.367552e-03 -2.710232e-19 8.733980e-03 0.000000e+00
-2.290000e+00 4.375518e-03 -1.177029e-19 8.753904e-03 0.000000e+00
-2.280000e+00 4.383530e-03 -2.754529e-19 8.773895e-03 0.000000e+00
-2.270000e+00 4.391587e-03 4.053589e-19 8.793953e-03 0.000000e+00
-2.260000e+00 4.399689e-03 -1.755228e-19 8.814079e-03 0.000000e+00
-2.250000e+00 4.407837e-03 -6.175580e-19 8.834273e-03 0.000000e+00
-2.240000e+00 4.416030e-03 -6.351145e-19 8.854534e-03 0.000000e+00
-2.230000e+00 4.424269e-03 7.621353e-19 8.874865e-03 0.000000e+00
-2.220000e+00 4.432555e-03 -7.055192e-19 8.895263e-03 0.000000e+00
-2.210000e+00 4.440886e-03 -1.317483e-18 8.915731e-03 0.000000e+00
-2.200000e+00 4.449263e-03 -5.979331e-19 8.936269e-03 0.000000e+00
-2.190000e+00 4.457687e-03 1.923826e-19 8.956875e-03 0.000000e+00
-2.180000e+00 4.466158e-03 -4.776515e-19 8.977552e-03 0.000000e+00
-2.170000e+00 4.474675e-03 -1.014820e-19 8.998299e-03 0.000000e+00
-2.160000e+00 4.483239e-03 -3.327268e-19 9.019117e-03 0.000000e+00
-2.150000e+00 4.491850e-03 7.368462e-19 9.040005e-03 0.000000e+00
-2.140000e+00 4.500508e-03 -4.644568e-19 9.060965e-03 0.000000e+00
-2.130000e+00 4.509214e-03 -9.141330e-20 9.081996e-03 0.000000e+00
-2.120000e+00 4.517967e-03 -4.076373e-19 9.103099e-03 0.000000e+00
-2.110000e+00 4.526768e-03 6.851124e-19 9.124274e-03 0.000000e+00
-2.100000e+00 4.535616e-03 -1.141359e-18 9.145522e-03 0.000000e+00
-2.090000e+00 4.544513e-03 -2.312683e-19 9.166842e-03 0.000000e+00
-2.080000e+00 4.553458e-03 -5.720709e-19 9.188236e-03 0.000000e+00
-2.070000e+00 4.562451e-03 3.939135e-19 9.209703e-03 0.000000e+00
-2.060000e+00 4.571493e-03 -7.856400e-19 9.231243e-03 0.000000e+00
-2.050000e+00 4.580583e-03 -9.957410e-19 9.252858e-03 0.000000e+00
-2.040000e+00 4.589722e-03 -5.097791e-19 9.274547e-03 0.000000e+00
-2.030000e+00 4.598910e-03 -5.833256e-19 9.296311e-03 0.000000e+00
-2.020000e+00 4.608148e-03 4.326888e-19 9.318151e-03 0.000000e+00
-2.010000e+00 4.617435e-03 -8.513664e-19 9.340065e-03 0.000000e+00
-2.000000e+00 4.626771e-03 1.845062e-19 9.362055e-03 0.000000e+00
-1.990000e+00 4.636157e-03 3.923126e-19 9.384122e-03 0.000000e+00
-1.980000e+00 4.645594e-03 -2.875141e-20 9.406265e-03 0.000000e+00
-1.970000e+00 4.655080e-03 -3.015119e-19 9.428485e-03 0.000000e+00
-1.960000e+00 4.664617e-03 -5.899706e-19 9.450782e-03 0.000000e+00
-1.950000e+00 4.674204e-03 -6.265219e-20 9.473156e-03 0.000000e+00
-1.940000e+00 4.683842e-03 -1.320815e-19 9.495608e-03 0.000000e+00
-1.930000e+00 4.693531e-03 -6.032351e-19 9.518139e-03 0.000000e+00
-1.920000e+00 4.703272e-03 -6.018505e-19 9.540748e-03 0.000000e+00
-1.910000e+00 4.713063e-03 3.438303e-19 9.563436e-03 0.000000e+00
-1.900000e+00 4.722906e-03 -2.551907e-19 9.586203e-03 0.000000e+00
-1.890000e+00 4.732801e-03 -4.187583e-19 9.609050e-03 0.000000e+00
-1.880000e+00 4.742748e-03 -6.685307e-19 9.631977e-03 0.000000e+00
-1.870000e+00 4.752747e-03 4.551895e-19 9.654985e-03 0.000000e+00
-1.860000e+00 4.762798e-03 -1.886617e-19 9.678073e-03 0.000000e+00
-1.850000e+00 4.772903e-03 -7.083993e-19 9.701242e-03 0.000000e+00
-1.840000e+00 4.783059e-03 -1.731820e-19 9.724493e-03 0.000000e+00
-1.830000e+00 4.793269e-03 5.434185e-19 9.747826e-03 0.000000e+00
-1.820000e+00 4.803533e-03 1.432118e-19 9.771241e-03 0.000000e+00
-1.810000e+00 4.813849e-03 -5.983271e-19 9.794738e-03 0.000000e+00
-1.800000e+00 4.824220e-03 -2.599973e-19 9.818319e-03 0.000000e+00
-1.790000e+00 4.834644e-03 -2.965691e-19 9.841982e-03 0.000000e+00
-1.780000e+00 4.845123e-03 -3.808043e-19 9.865730e-03 0.000000e+00
-1.770000e+00 4.855656e-03 -6.619881e-19 9.889562e-03 0.000000e+00
-1.760000e+00 4.866244e-03 -4.591871e-19 9.913478e-03 0.000000e+00
-1.750000e+00 4.876886e-03 1.831417e-19 9.937479e-03 0.000000e+00
-1.740000e+00 4.887584e-03 -5.107698e-19 9.961566e-03 0.000000e+00
-1.730000e+00 4.898337e-03 -5.121757e-19 9.985738e-03 0.000000e+00
-1.720000e+00 4.909146e-03 -1.850770e-19 1.001000e-02 0.000000e+00
-1.710000e+00 4.920011e-03 4.163758e-19 1.003434e-02 0.000000e+00
-1.700000e+00 4.930931e-03 -9.722116e-19 1.005877e-02 0.000000e+00
-1.690000e+00 4.941909e-03 -4.524648e-19 1.008329e-02 0.000000e+00
-1.680000e+00 4.952942e-03 -7.919147e-19 1.010790e-02 0.000000e+00
-1.670000e+00 4.964033e-03 8.337185e-19 1.013259e-02 0.000000e+00
-1.660000e+00 4.975181e-03 -1.064493e-18 1.015738e-02 0.000000e+00
-1.650000e+00 4.986386e-03 -1.250783e-18 1.018225e-02 0.000000e+00
-1.640000e+00 4.997649e-03 -7.073752e-19 1.020721e-02 0.000000e+00
-1.630000e+00 5.008969e-03 -1.711677e-19 1.023226e-02 0.000000e+00
-1.620000e+00 5.020348e-03 -2.650604e-19 1.025741e-02 0.000000e+00
-1.610000e+00 5.031786e-03 -6.185050e-19 1.028264e-02 0.000000e+00
-1.600000e+00 5.043282e-03 -3.666073e-20 1.030796e-02 0.000000e+00
-1.590000e+00 5.054837e-03 2.049530e-19 1.033338e-02 0.000000e+00
-1.580000e+00 5.066452e-03 1.085594e-19 1.035888e-02 0.000000e+00
-1.570000e+00 5.078126e-03 -3.304255e-19 1.038448e-02 0.000000e+00
-1.560000e+00 5.089860e-03 -4.778065e-19 1.041018e-02 0.000000e+00
-1.550000e+00 5.101654e-03 3.067512e-20 1.043596e-02 0.000000e+00
-1.540000e+00 5.113508e-03 -3.825765e-19 1.046184e-02 0.000000e+00
-1.530000e+00 5.125423e-03 -1.269014e-19 1.048781e-02 0.000000e+00
-1.520000e+00 5.137400e-03 -7.191356e-19 1.051388e-02 0.000000e+00
-1.510000e+00 5.149437e-03 3.550997e-19 1.054005e-02 0.000000e+00
-1.500000e+00 5.161536e-03 -1.566124e-19 1.056630e-02 0.000000e+00
-1.490000e+00 5.173697e-03 4.463042e-19 1.059266e-02 0.000000e+00
-1.480000e+00 5.185921e-03 -1.616562e-19 1.061911e-02 0.000000e+00
-1.470000e+00 5.198206e-03 3.373429e-19 1.064566e-02 0.000000e+00
-1.460000e+00 5.210555e-03 -2.926044e-19 1.067230e-02 0.000000e+00
-1.450000e+00 5.222967e-03 -6.137761e-19 1.069904e-02 0.000000e+00
-1.440000e+00 5.235442e-03 -4.148072e-19 1.072588e-02 0.000000e+00
-1.430000e+00 5.247981e-03 8.489830e-19 1.075282e-02 0.000000e+00
-1.420000e+00 5.260584e-03 -6.112351e-19 1.077986e-02 0.000000e+00
-1.410000e+00 5.273252e-03 -9.617161e-19 1.080700e-02 0.000000e+00
-1.400000e+00 5.285984e-03 -3.799299e-19 1.083424e-02 0.000000e+00
-1.390000e+00 5.298781e-03 6.825856e-21 1.086158e-02 0.000000e+00
-1.380000e+00 5.311644e-03 -1.620197e-19 1.088902e-02 0.000000e+00
-1.370000e+00 5.324573e-03 -1.974610e-19 1.091656e-02 0.000000e+00
-1.360000e+00 5.337567e-03 -2.907583e-19 1.094420e-02 0.000000e+00
-1.350000e+00 5.350628e-03 7.957129e-19 1.097195e-02 0.000000e+00
-1.340000e+00 5.363756e-03 -4.313576e-19 1.099980e-02 0.000000e+00
-1.330000e+00 5.376951e-03 -2.861975e-19 1.102775e-02 0.000000e+00
-1.320000e+00 5.390214e-03 9.585449e-20 1.105580e-02 0.000000e+00
-1.310000e+00 5.403544e-03 8.104604e-19 1.108397e-02 0.000000e+00
-1.300000e+00 5.416942e-03 -4.280362e-19 1.111223e-02 0.000000e+00
-1.290000e+00 5.430409e-03 -5.784587e-19 1.114060e-02 0.000000e+00
-1.280000e+00 5.443945e-03 -6.031988e-19 1.116908e-02 0.000000e+00
-1.270000e+00 5.457550e-03 6.885418e-19 1.119767e-02 0.000000e+00
-1.260000e+00 5.471225e-03 -9.749120e-19 1.122636e-02 0.000000e+00
-1.250000e+00 5.484970e-03 -4.052179e-19 1.125516e-02 0.000000e+00
-1.240000e+00 5.498785e-03 -1.592216e-19 1.128406e-02 0.000000e+00
-1.230000e+00 5.512671e-03 -5.173996e-20 1.131308e-02 0.000000e+00
-1.220000e+00 5.526628e-03 3.482355e-19 1.134220e-02 0.000000e+00
-1.210000e+00 5.540657e-03 -4.897672e-19 1.137144e-02 0.000000e+00
-1.200000e+00 5.554757e-03 -4.046933e-19 1.140078e-02 0.000000e+00
-1.190000e+00 5.568930e-03 4.832078e-19 1.143024e-02 0.000000e+00
-1.180000e+00 5.583176e-03 -1.561252e-19 1.145981e-02 0.000000e+00
-1.170000e+00 5.597495e-03 1.346509e-19 1.148949e-02 0.000000e+00
-1.160000e+00 5.611887e-03 -3.947706e-19 1.151928e-02 0.000000e+00
-1.150000e+00 5.626353e-03 1.676647e-19 1.154918e-02 0.000000e+00
-1.140000e+00 5.640894e-03 -1.112061e-19 1.157920e-02 0.000000e+00
-1.130000e+00 5.655509e-03 3.566065e-20 1.160933e-02 0.000000e+00
-1.120000e+00 5.670200e-03 -4.270974e-19 1.163958e-02 0.000000e+00
-1.110000e+00 5.684966e-03 -1.095689e-19 1.166994e-02 0.000000e+00
-1.100000e+00 5.699808e-03 -8.232172e-20 1.170042e-02 0.000000e+00
-1.090000e+00 5.714726e-03 3.098412e-19 1.173101e-02 0.000000e+00
-1.080000e+00 5.729722e-03 -2.313725e-19 1.176172e-02 0.000000e+00
-1.070000e+00 5.744794e-03 2.365979e-19 1.179255e-02 0.000000e+00
-1.060000e+00 5.759945e-03 1.398289e-20 1.182350e-02 0.000000e+00
-1.050000e+00 5.775174e-03 -5.815041e-19 1.185456e-02 0.000000e+00
-1.040000e+00 5.790481e-03 2.798034e-19 1.188575e-02 0.000000e+00
-1.030000e+00 5.805867e-03 5.810511e-19 1.191705e-02 0.000000e+00
-1.020000e+00 5.821333e-03 -9.483881e-19 1.194848e-02 0.000000e+00
-1.010000e+00 5.836879e-03 -5.775571e-19 1.198003e-02 0.000000e+00
-1.000000e+00 5.852506e-03 -4.536230e-19 1.201169e-02 0.000000e+00
-9.900000e-01 5.868213e-03 -2.622051e-19 1.204348e-02 0.000000e+00
-9.800000e-01 5.884002e-03 8.065731e-20 1.207540e-02 0.000000e+00
-9.700000e-01 5.899873e-03 -3.727548e-19 1.210743e-02 0.000000e+00
-9.600000e-01 5.915826e-03 6.322068e-20 1.213959e-02 0.000000e+00
-9.500000e-01 5.931862e-03 -2.618279e-19 1.217188e-02 0.000000e+00
-9.400000e-01 5.947982e-03 -3.706520e-19 1.220429e-02 0.000000e+00
-9.300000e-01 5.964185e-03 -1.329549e-19 1.223683e-02 0.000000e+00
-9.200000e-01 5.980472e-03 2.961441e-19 1.226949e-02 0.000000e+00
-9.100000e-01 5.996845e-03 9.162370e-19 1.230228e-02 0.000000e+00
-9.000000e-01 6.013302e-03 -6.706233e-19 1.233520e-02 0.000000e+00
-8.900000e-01 6.029846e-03 -8.530614e-20 1.236825e-02 0.000000e+00
-8.800000e-01 6.046476e-03 -2.221490e-19 1.240143e-02 0.000000e+00
-8.700000e-01 6.063193e-03 3.428417e-19 1.243473e-02 0.000000e+00
-8.600000e-01 6.079997e-03 -4.719151e-19 1.246817e-02 0.000000e+00
-8.500000e-01 6.096890e-03 -8.693526e-19 1.250174e-02 0.000000e+00
-8.400000e-01 6.113871e-03 -1.085502e-19 1.253544e-02 0.000000e+00
-8.300000e-01 6.130940e-03 -2.581906e-19 1.256927e-02 0.000000e+00
-8.200000e-01 6.148100e-03 8.560374e-20 1.260324e-02 0.000000e+00
-8.100000e-01 6.165349e-03 -2.575358e-19 1.263734e-02 0.000000e+00
-8.000000e-01 6.182690e-03 3.116947e-19 1.267157e-02 0.000000e+00
-7.900000e-01 6.200121e-03 2.451225e-19 1.270594e-02 0.000000e+00
-7.800000e-01 6.217645e-03 3.079329e-20 1.274045e-02 0.000000e+00
-7.700000e-01 6.235260e-03 -1.550098e-19 1.277509e-02 0.000000e+00
-7.600000e-01 6.252969e-03 -9.139365e-20 1.280987e-02 0.000000e+00
-7.500000e-01 6.270771e-03 -5.388797e-20 1.284479e-02 0.000000e+00
-7.400000e-01 6.288667e-03 1.788920e-19 1.287984e-02 0.000000e+00
-7.300000e-01 6.306658e-03 2.760823e-19 1.291504e-02 0.000000e+00
-7.200000e-01 6.324744e-03 -3.471644e-19 1.295038e-02 0.000000e+00
-7.100000e-01 6.342927e-03 4.707775e-19 1.298585e-02 0.000000e+00
-7.000000e-01 6.361205e-03 -1.353703e-19 1.302147e-02 0.000000e+00
-6.900000e-01 6.379581e-03 1.119058e-19 1.305723e-02 0.000000e+00
-6.800000e-01 6.398055e-03 -1.774783e-19 1.309314e-02 0.000000e+00
-6.700000e-01 6.416626e-03 3.247901e-19 1.312919e-02 0.000000e+00
-6.600000e-01 6.435297e-03 -1.983388e-19 1.316538e-02 0.000000e+00
-6.500000e-01 6.454068e-03 -2.701144e-19 1.320172e-02 0.000000e+00
-6.400000e-01 6.472938e-03 2.581504e-19 1.323820e-02 0.000000e+00
-6.300000e-01 6.491910e-03 3.938578e-20 1.327483e-02 0.000000e+00
-6.200000e-01 6.510983e-03 -1.668707e-19 1.331161e-02 0.000000e+00
-6.100000e-01 6.530159e-03 -2.881328e-19 1.334854e-02 0.000000e+00
-6.000000e-01 6.549437e-03 -3.303069e-19 1.338561e-02 0.000000e+00
-5.900000e-01 6.568819e-03 -8.772445e-21 1.342284e-02 0.000000e+00
-5.800000e-01 6.588305e-03 3.496181e-19 1.346022e-02 0.000000e+00
-5.700000e-01 6.607896e-03 -2.556982e-19 1.349774e-02 0.000000e+00
-5.600000e-01 6.627592e-03 8.592901e-20 1.353543e-02 0.000000e+00
-5.500000e-01 6.647395e-03 -1.845557e-19 1.357326e-02 0.000000e+00
-5.400000e-01 6.667305e-03 -1.447843e-19 1.361125e-02 0.000000e+00
-5.300000e-01 6.687322e-03 -3.780203e-19 1.364939e-02 0.000000e+00
-5.200000e-01 6.707448e-03 -1.265737e-19 1.368769e-02 0.000000e+00
-5.100000e-01 6.727683e-03 5.571345e-19 1.372614e-02 0.000000e+00
-5.000000e-01 6.748028e-03 -6.070583e-19 1.376475e-02 0.000000e+00
-4.900000e-01 6.768483e-03 5.025610e-19 1.380352e-02 0.000000e+00
-4.800000e-01 6.789050e-03 -2.918558e-19 1.384245e-02 0.000000e+00
-4.700000e-01 6.809729e-03 3.951717e-19 1.388154e-02 0.000000e+00
-4.600000e-01 6.830521e-03 -4.202105e-19 1.392079e-02 0.000000e+00
-4.500000e-01 6.851426e-03 -6.075560e-19 1.396019e-02 0.000000e+00
-4.400000e-01 6.872445e-03 -6.068321e-20 1.399977e-02 0.000000e+00
-4.300000e-01 6.893580e-03 1.079138e-19 1.403950e-02 0.000000e+00
-4.200000e-01 6.914831e-03 3.242167e-19 1.407940e-02 0.000000e+00
-4.100000e-01 6.936198e-03 -9.385867e-20 1.411946e-02 0.000000e+00
-4.000000e-01 6.957683e-03 -5.665706e-19 1.415969e-02 0.000000e+00
-3.900000e-01 6.979286e-03 3.229453e-19 1.420009e-02 0.000000e+00
-3.800000e-01 7.001008e-03 1.338407e-19 1.424065e-02 0.000000e+00
-3.700000e-01 7.022851e-03 2.940855e-20 1.428138e-02 0.000000e+00
-3.600000e-01 7.044814e-03 -3.314512e-19 1.432228e-02 0.000000e+00
-3.500000e-01 7.066898e-03 -1.244244e-19 1.436335e-02 0.000000e+00
-3.400000e-01 7.089105e-03 -1.316972e-19 1.440460e-02 0.000000e+00
-3.300000e-01 7.111436e-03 6.700049e-19 1.444601e-02 0.000000e+00
-3.200000e-01 7.133890e-03 3.144249e-19 1.448760e-02 0.000000e+00
-3.100000e-01 7.156470e-03 1.183503e-19 1.452936e-02 0.000000e+00
-3.000000e-01 7.179175e-03 2.436915e-19 1.457129e-02 0.000000e+00
-2.900000e-01 7.202007e-03 1.678477e-19 1.461340e-02 0.000000e+00
-2.800000e-01 7.224967e-03 4.636464e-20 1.465569e-02 0.000000e+00
-2.700000e-01 7.248056e-03 7.482804e-19 1.469816e-02 0.000000e+00
-2.600000e-01 7.271274e-03 4.006188e-20 1.474080e-02 0.000000e+00
-2.500000e-01 7.294622e-03 -1.468186e-19 1.478362e-02 0.000000e+00
-2.400000e-01 7.318102e-03 9.499086e-21 1.482663e-02 0.000000e+00
-2.300000e-01 7.341714e-03 -3.855748e-20 1.486981e-02 0.000000e+00
-2.200000e-01 7.365459e-03 -5.440023e-19 1.491318e-02 0.000000e+00
-2.100000e-01 7.389338e-03 -2.157684e-19 1.495673e-02 0.000000e+00
-2.000000e-01 7.413353e-03 -4.097499e-19 1.500047e-02 0.000000e+00
-1.900000e-01 7.437504e-03 8.829022e-20 1.504439e-02 0.000000e+00
-1.800000e-01 7.461791e-03 5.683519e-19 1.508849e-02 0.000000e+00
-1.700000e-01 7.486217e-03 1.990533e-19 1.513279e-02 0.000000e+00
-1.600000e-01 7.510782e-03 2.776094e-19 1.517727e-02 0.000000e+00
-1.500000e-01 7.535487e-03 -2.779666e-19 1.522194e-02 0.000000e+00
-1.400000e-01 7.560333e-03 -8.747402e-20 1.526681e-02 0.000000e+00
-1.300000e-01 7.585322e-03 -3.850404e-19 1.531186e-02 0.000000e+00
-1.200000e-01 7.610453e-03 -3.911286e-19 1.535711e-02 0.000000e+00
-1.100000e-01 7.635729e-03 7.946210e-19 1.540255e-02 0.000000e+00
-1.000000e-01 7.661150e-03 -7.224076e-20 1.544819e-02 0.000000e+00
-9.000000e-02 7.686718e-03 1.669372e-19 1.549402e-02 0.000000e+00
-8.000000e-02 7.712432e-03 -4.885313e-19 1.554005e-02 0.000000e+00
-7.000000e-02 7.738296e-03 5.521352e-20 1.558627e-02 0.000000e+00
-6.000000e-02 7.764309e-03 -3.117222e-19 1.563270e-02 0.000000e+00
-5.000000e-02 7.790473e-03 -5.075738e-19 1.567932e-02 0.000000e+00
-4.000000e-02 7.816789e-03 9.624323e-20 1.572615e-02 0.000000e+00
-3.000000e-02 7.843258e-03 1.514065e-19 1.577318e-02 0.000000e+00
-2.000000e-02 7.869881e-03 4.049251e-19 1.582041e-02 0.000000e+00
-1.000000e-02 7.896660e-03 -4.410056e-20 1.586785e-02 0.000000e+00
0.000000e+00 7.915966e-03 -1.360307e-19 1.591549e-02 0.000000e+00
1.000000e-02 7.935319e-03 -2.061314e-19 1.596334e-02 0.000000e+00
2.000000e-02 7.954718e-03 1.561844e-20 1.601140e-02 0.000000e+00
3.000000e-02 7.974165e-03 7.011918e-19 1.605967e-02 0.000000e+00
4.000000e-02 7.993657e-03 2.734713e-19 1.610815e-02 0.000000e+00
5.000000e-02 8.013197e-03 3.236283e-19 1.615684e-02 0.000000e+00
6.000000e-02 8.032782e-03 2.601351e-20 1.620574e-02 0.000000e+00
7.000000e-02 8.052413e-03 2.806944e-19 1.625486e-02 0.000000e+00
8.000000e-02 8.072091e-03 2.277085e-19 1.630419e-02 0.000000e+00
9.000000e-02 8.091814e-03 -8.611782e-20 1.635373e-02 0.000000e+00
1.000000e-01 8.111583e-03 -1.650128e-19 1.640350e-02 0.000000e+00
1.100000e-01 8.131398e-03 -3.227424e-19 1.645348e-02 0.000000e+00
1.200000e-01 8.151258e-03 1.278859e-21 1.650369e-02 0.000000e+00
1.300000e-01 8.171163e-03 2.322041e-19 1.655411e-02 0.000000e+00
1.400000e-01 8.191113e-03 3.007919e-19 1.660476e-02 0.000000e+00
1.500000e-01 8.211108e-03 2.778494e-19 1.665563e-02 0.000000e+00
1.600000e-01 8.231148e-03 -1.292123e-19 1.670672e-02 0.000000e+00
1.700000e-01 8.251232e-03 -3.320137e-19 1.675805e-02 0.000000e+00
1.800000e-01 8.271361e-03 -2.846260e-20 1.680960e-02 0.000000e+00
1.900000e-01 8.291534e-03 3.107389e-19 1.686138e-02 0.000000e+00
2.000000e-01 8.311750e-03 -6.429651e-20 1.691338e-02 0.000000e+00
2.100000e-01 8.332011e-03 -1.026006e-19 1.696562e-02 0.000000e+00
2.200000e-01 8.352314e-03 3.332831e-19 1.701810e-02 0.000000e+00
2.300000e-01 8.372662e-03 -2.146930e-19 1.707080e-02 0.000000e+00
2.400000e-01 8.393052e-03 1.143721e-19 1.712375e-02 0.000000e+00
2.500000e-01 8.413484e-03 -5.045236e-19 1.717692e-02 0.000000e+00
2.600000e-01 8.433960e-03 -2.791883e-20 1.723034e-02 0.000000e+00
2.700000e-01 8.454477e-03 -5.042565e-19 1.728400e-02 0.000000e+00
2.800000e-01 8.475037e-03 -4.990974e-19 1.733790e-02 0.000000e+00
2.900000e-01 8.495638e-03 3.071460e-19 1.739203e-02 0.000000e+00
3.000000e-01 8.516281e-03 -2.616056e-19 1.744642e-02 0.000000e+00
3.100000e-01 8.536964e-03 3.044182e-19 1.750105e-02 0.000000e+00
3.200000e-01 8.557689e-03 -8.288324e-20 1.755592e-02 0.000000e+00
3.300000e-01 8.578454e-03 5.796332e-20 1.761104e-02 0.000000e+00
3.400000e-01 8.599260e-03 1.490709e-20 1.766641e-02 0.000000e+00
3.500000e-01 8.620105e-03 -4.132258e-19 1.772203e-02 0.000000e+00
3.600000e-01 8.640989e-03 2.596595e-19 1.777791e-02 0.000000e+00
3.700000e-01 8.661913e-03 -3.194311e-20 1.783404e-02 0.000000e+00
3.800000e-01 8.682876e-03 1.815062e-19 1.789042e-02 0.000000e+00
3.900000e-01 8.703877e-03 7.354168e-20 1.794706e-02 0.000000e+00
4.000000e-01 8.724917e-03 -7.273386e-20 1.800395e-02 0.000000e+00
4.100000e-01 8.745994e-03 -2.464298e-19 1.806111e-02 0.000000e+00
4.200000e-01 8.767108e-03 3.740165e-19 1.811853e-02 0.000000e+00
4.300000e-01 8.788259e-03 1.474704e-19 1.817621e-02 0.000000e+00
4.400000e-01 8.809447e-03 5.008583e-19 1.823415e-02 0.000000e+00
4.500000e-01 8.830671e-03 2.410561e-19 1.829236e-02 0.000000e+00
4.600000e-01 8.851930e-03 2.760657e-19 1.835083e-02 0.000000e+00
4.700000e-01 8.873225e-03 1.659489e-19 1.840958e-02 0.000000e+00
4.800000e-01 8.894554e-03 -1.603105e-19 1.846859e-02 0.000000e+00
4.900000e-01 8.915918e-03 -2.712277e-19 1.852788e-02 0.000000e+00
5.000000e-01 8.937315e-03 -1.545344e-20 1.858744e-02 0.000000e+00
5.100000e-01 8.958746e-03 -1.805665e-19 1.864727e-02 0.000000e+00
5.200000e-01 8.980209e-03 -2.642637e-19 1.870738e-02 0.000000e+00
5.300000e-01 9.001705e-03 7.430676e-20 1.876777e-02 0.000000e+00
5.400000e-01 9.023232e-03 -1.565224e-19 1.882844e-02 0.000000e+00
5.500000e-01 9.044791e-03 6.111941e-20 1.888939e-02 0.000000e+00
5.600000e-01 9.066380e-03 3.335922e-20 1.895063e-02 0.000000e+00
5.700000e-01 9.087999e-03 -1.934036e-19 1.901214e-02 0.000000e+00
5.800000e-01 9.109648e-03 -2.719066e-19 1.907395e-02 0.000000e+00
5.900000e-01 9.131325e-03 -2.214598e-19 1.913604e-02 0.000000e+00
6.000000e-01 9.153031e-03 -2.539296e-19 1.919842e-02 0.000000e+00
6.100000e-01 9.174764e-03 2.280210e-19 1.926110e-02 0.000000e+00
6.200000e-01 9.196524e-03 9.213072e-20 1.932407e-02 0.000000e+00
6.300000e-01 9.218311e-03 -4.053727e-19 1.938733e-02 0.000000e+00
6.400000e-01 9.240123e-03 -4.791833e-20 1.945089e-02 0.000000e+00
6.500000e-01 9.261960e-03 -6.821108e-19 1.951475e-02 0.000000e+00
6.600000e-01 9.283821e-03 -1.282013e-19 1.957890e-02 0.000000e+00
6.700000e-01 9.305706e-03 -5.534444e-19 1.964336e-02 0.000000e+00
6.800000e-01 9.327613e-03 -4.681558e-19 1.970813e-02 0.000000e+00
6.900000e-01 9.349543e-03 -1.878987e-19 1.977320e-02 0.000000e+00
7.000000e-01 9.371494e-03 -7.107018e-20 1.983857e-02 0.000000e+00
7.100000e-01 9.393465e-03 -1.990463e-19 1.990426e-02 0.000000e+00
7.200000e-01 9.415456e-03 -2.912910e-19 1.997025e-02 0.000000e+00
7.300000e-01 9.437466e-03 -5.465104e-19 2.003656e-02 0.000000e+00
7.400000e-01 9.459494e-03 2.506277e-20 2.010319e-02 0.000000e+00
7.500000e-01 9.481539e-03 -3.344782e-19 2.017013e-02 0.000000e+00
7.600000e-01 9.503600e-03 -1.034474e-19 2.023739e-02 0.000000e+00
7.700000e-01 9.525677e-03 -2.998397e-19 2.030497e-02 0.000000e+00
7.800000e-01 9.547768e-03 7.341364e-20 2.037288e-02 0.000000e+00
7.900000e-01 9.569873e-03 2.938591e-19 2.044110e-02 0.000000e+00
8.000000e-01 9.591990e-03 -2.216084e-19 2.050966e-02 0.000000e+00
8.100000e-01 9.614118e-03 -4.290222e-19 2.057854e-02 0.000000e+00
8.200000e-01 9.636258e-03 -1.485079e-19 2.064775e-02 0.000000e+00
8.300000e-01 9.658407e-03 -1.814389e-19 2.071730e-02 0.000000e+00
8.400000e-01 9.680564e-03 -6.732744e-20 2.078718e-02 0.000000e+00
8.500000e-01 9.702729e-03 -4.530283e-19 2.085739e-02 0.000000e+00
8.600000e-01 9.724900e-03 -3.218755e-19 2.092795e-02 0.000000e+00
8.700000e-01 9.747077e-03 1.890093e-19 2.099884e-02 0.000000e+00
8.800000e-01 9.769258e-03 4.121338e-19 2.107008e-02 0.000000e+00
8.900000e-01 9.791441e-03 -4.760462e-19 2.114166e-02 0.000000e+00
9.000000e-01 9.813627e-03 2.687322e-20 2.121359e-02 0.000000e+00
9.100000e-01 9.835813e-03 -6.337870e-19 2.128586e-02 0.000000e+00
9.200000e-01 9.857999e-03 -2.941313e-19 2.135849e-02 0.000000e+00
9.300000e-01 9.880183e-03 -2.753283e-19 2.143147e-02 0.000000e+00
9.400000e-01 9.902363e-03 -2.873030e-19 2.150481e-02 0.000000e+00
9.500000e-01 9.924539e-03 -1.212486e-19 2.157850e-02 0.000000e+00
9.600000e-01 9.946710e-03 -6.338121e-19 2.165256e-02 0.000000e+00
9.700000e-01 9.968873e-03 -9.634839e-19 2.172697e-02 0.000000e+00
9.800000e-01 9.991028e-03 -6.759595e-19 2.180175e-02 0.000000e+00
9.900000e-01 1.001317e-02 -8.304026e-20 2.187689e-02 0.000000e+00
1.000000e+00 1.003531e-02 -4.292811e-19 2.195241e-02 0.000000e+00
1.010000e+00 1.005743e-02 1.502499e-19 2.202829e-02 0.000000e+00
1.020000e+00 1.007953e-02 -1.742539e-19 2.210455e-02 0.000000e+00
1.030000e+00 1.010162e-02 -6.341358e-20 2.218118e-02 0.000000e+00
1.040000e+00 1.012370e-02 1.663344e-19 2.225819e-02 0.000000e+00
1.050000e+00 1.014575e-02 -1.232789e-18 2.233558e-02 0.000000e+00
1.060000e+00 1.016779e-02 -5.224494e-19 2.241335e-02 0.000000e+00
1.070000e+00 1.018980e-02 -3.936125e-19 2.249150e-02 0.000000e+00
1.080000e+00 1.021178e-02 -7.292471e-19 2.257005e-02 0.000000e+00
1.090000e+00 1.023375e-02 -3.096354e-19 2.264898e-02 0.000000e+00
1.100000e+00 1.025568e-02 -1.608009e-19 2.272830e-02 0.000000e+00
1.110000e+00 1.027759e-02 -3.662243e-20 2.280802e-02 0.000000e+00
1.120000e+00 1.029946e-02 -2.221490e-19 2.288814e-02 0.000000e+00
1.130000e+00 1.032130e-02 -1.137942e-18 2.296865e-02 0.000000e+00
1.140000e+00 1.034311e-02 -3.201177e-19 2.304957e-02 0.000000e+00
1.150000e+00 1.036488e-02 -3.595301e-19 2.313088e-02 0.000000e+00
1.160000e+00 1.038661e-02 -3.147777e-19 2.321261e-02 0.000000e+00
1.170000e+00 1.040830e-02 -5.131018e-19 2.329475e-02 0.000000e+00
1.180000e+00 1.042995e-02 -2.179912e-19 2.337729e-02 0.000000e+00
1.190000e+00 1.045156e-02 -1.544220e-19 2.346025e-02 0.000000e+00
1.200000e+00 1.047311e-02 -4.043553e-19 2.354363e-02 0.000000e+00
1.210000e+00 1.049462e-02 -7.258387e-19 2.362743e-02 0.000000e+00
1.220000e+00 1.051608e-02 -1.725610e-19 2.371165e-02 0.000000e+00
1.230000e+00 1.053748e-02 -3.212371e-21 2.379629e-02 0.000000e+00
1.240000e+00 1.055883e-02 -2.976212e-19 2.388136e-02 0.000000e+00
1.250000e+00 1.058012e-02 -3.603561e-19 2.396686e-02 0.000000e+00
1.260000e+00 1.060135e-02 2.709457e-20 2.405280e-02 0.000000e+00
1.270000e+00 1.062252e-02 -2.881702e-19 2.413916e-02 0.000000e+00
1.280000e+00 1.064362e-02 -9.225320e-20 2.422597e-02 0.000000e+00
1.290000e+00 1.066465e-02 -5.488674e-19 2.431322e-02 0.000000e+00
1.300000e+00 1.068562e-02 -8.381338e-20 2.440091e-02 0.000000e+00
1.310000e+00 1.070651e-02 -9.134854e-19 2.448905e-02 0.000000e+00
1.320000e+00 1.072733e-02 -5.383765e-19 2.457764e-02 0.000000e+00
1.330000e+00 1.074806e-02 -4.428168e-19 2.466668e-02 0.000000e+00
1.340000e+00 1.076872e-02 -6.107939e-19 2.475617e-02 0.000000e+00
1.350000e+00 1.078930e-02 -2.214306e-19 2.484612e-02 0.000000e+00
1.360000e+00 1.080978e-02 -4.120890e-19 2.493654e-02 0.000000e+00
1.370000e+00 1.083018e-02 -9.831323e-19 2.502741e-02 0.000000e+00
1.380000e+00 1.085049e-02 -1.181870e-19 2.511875e-02 0.000000e+00
1.390000e+00 1.087070e-02 -8.765160e-20 2.521057e-02 0.000000e+00
1.400000e+00 1.089081e-02 -1.751632e-19 2.530285e-02 0.000000e+00
1.410000e+00 1.091083e-02 4.370428e-19 2.539561e-02 0.000000e+00
1.420000e+00 1.093073e-02 2.841673e-19 2.548885e-02 0.000000e+00
1.430000e+00 1.095053e-02 -4.564559e-19 2.558257e-02 0.000000e+00
1.440000e+00 1.097022e-02 -4.481151e-20 2.567678e-02 0.000000e+00
1.450000e+00 1.098980e-02 -1.362120e-18 2.577147e-02 0.000000e+00
1.460000e+00 1.100926e-02 2.172538e-19 2.586666e-02 0.000000e+00
1.470000e+00 1.102860e-02 -1.433454e-19 2.596233e-02 0.000000e+00
1.480000e+00 1.104781e-02 -8.347770e-19 2.605851e-02 0.000000e+00
1.490000e+00 1.106690e-02 -2.298220e-19 2.615518e-02 0.000000e+00
1.500000e+00 1.108585e-02 -2.176054e-19 2.625236e-02 0.000000e+00
1.510000e+00 1.110467e-02 3.527416e-19 2.635005e-02 0.000000e+00
1.520000e+00 1.112335e-02 -1.969360e-19 2.644824e-02 0.000000e+00
1.530000e+00 1.114189e-02 -8.016764e-19 2.654695e-02 0.000000e+00
1.540000e+00 1.116028e-02 -3.016601e-19 2.664618e-02 0.000000e+00
1.550000e+00 1.117853e-02 -8.814386e-21 2.674592e-02 0.000000e+00
1.560000e+00 1.119661e-02 -1.692039e-19 2.684619e-02 0.000000e+00
1.570000e+00 1.121455e-02 -3.755374e-19 2.694698e-02 0.000000e+00
1.580000e+00 1.123231e-02 -3.095924e-19 2.704831e-02 0.000000e+00
1.590000e+00 1.124992e-02 2.225237e-19 2.715016e-02 0.000000e+00
1.600000e+00 1.126735e-02 -2.486869e-19 2.725256e-02 0.000000e+00
1.610000e+00 1.128461e-02 -5.829405e-19 2.735549e-02 0.000000e+00
1.620000e+00 1.130169e-02 -1.723798e-19 2.745897e-02 0.000000e+00
1.630000e+00 1.131858e-02 1.560381e-19 2.756300e-02 0.000000e+00
1.640000e+00 1.133529e-02 -1.461419e-19 2.766757e-02 0.000000e+00
1.650000e+00 1.135180e-02 -3.577901e-19 2.777270e-02 0.000000e+00
1.660000e+00 1.136812e-02 -1.275737e-19 2.787839e-02 0.000000e+00
1.670000e+00 1.138424e-02 1.845374e-19 2.798464e-02 0.000000e+00
1.680000e+00 1.140015e-02 -6.207834e-20 2.809145e-02 0.000000e+00
1.690000e+00 1.141585e-02 -5.317359e-19 2.819884e-02 0.000000e+00
1.700000e+00 1.143133e-02 -1.161216e-19 2.830679e-02 0.000000e+00
1.710000e+00 1.144660e-02 -5.075171e-19 2.841532e-02 0.000000e+00
1.720000e+00 1.146163e-02 -8.350562e-19 2.852444e-02 0.000000e+00
1.730000e+00 1.147644e-02 -2.079028e-19 2.863413e-02 0.000000e+00
1.740000e+00 1.149101e-02 -6.254424e-19 2.874441e-02 0.000000e+00
1.750000e+00 1.150534e-02 3.255672e-19 2.885529e-02 0.000000e+00
1.760000e+00 1.151942e-02 -2.286339e-19 2.896676e-02 0.000000e+00
1.770000e+00 1.153325e-02 -9.718174e-19 2.907882e-02 0.000000e+00
1.780000e+00 1.154682e-02 -1.256018e-20 2.919149e-02 0.000000e+00
1.790000e+00 1.156013e-02 2.064138e-19 2.930477e-02 0.000000e+00
1.800000e+00 1.157317e-02 -1.388293e-19 2.941866e-02 0.000000e+00
1.810000e+00 1.158594e-02 -6.851234e-19 2.953316e-02 0.000000e+00
1.820000e+00 1.159843e-02 -1.312672e-19 2.964828e-02 0.000000e+00
1.830000e+00 1.161063e-02 -5.976057e-19 2.976403e-02 0.000000e+00
1.840000e+00 1.162254e-02 -8.760106e-20 2.988040e-02 0.000000e+00
1.850000e+00 1.163415e-02 -1.274410e-18 2.999740e-02 0.000000e+00
1.860000e+00 1.164547e-02 -4.777549e-19 3.011503e-02 0.000000e+00
1.870000e+00 1.165647e-02 -3.992290e-19 3.023331e-02 0.000000e+00
1.880000e+00 1.166715e-02 -8.833892e-19 3.035223e-02 0.000000e+00
1.890000e+00 1.167752e-02 -8.055154e-19 3.047179e-02 0.000000e+00
1.900000e+00 1.168755e-02 6.527147e-19 3.059201e-02 0.000000e+00
1.910000e+00 1.169726e-02 -4.051261e-19 3.071289e-02 0.000000e+00
1.920000e+00 1.170662e-02 2.209621e-19 3.083442e-02 0.000000e+00
1.930000e+00 1.171563e-02 -1.494776e-18 3.095662e-02 0.000000e+00
1.940000e+00 1.172429e-02 -5.849164e-19 3.107949e-02 0.000000e+00
1.950000e+00 1.173260e-02 -1.809070e-19 3.120303e-02 0.000000e+00
1.960000e+00 1.174053e-02 -5.278959e-19 3.132725e-02 0.000000e+00
1.970000e+00 1.174809e-02 -6.499284e-19 3.145215e-02 0.000000e+00
1.980000e+00 1.175528e-02 -2.728408e-19 3.157774e-02 0.000000e+00
1.990000e+00 1.176207e-02 -1.558436e-20 3.170401e-02 0.000000e+00
2.000000e+00 1.176848e-02 -7.181117e-19 3.183099e-02 0.000000e+00
2.010000e+00 1.177448e-02 -1.147320e-18 3.195866e-02 0.000000e+00
2.020000e+00 1.178008e-02 -8.825049e-19 3.208704e-02 0.000000e+00
2.030000e+00 1.178526e-02 -8.754701e-20 3.221613e-02 0.000000e+00
2.040000e+00 1.179002e-02 -4.666956e-19 3.234594e-02 0.000000e+00
2.050000e+00 1.179435e-02 -1.051959e-18 3.247646e-02 0.000000e+00
2.060000e+00 1.179825e-02 -3.341365e-19 3.260770e-02 0.000000e+00
2.070000e+00 1.180171e-02 2.224819e-20 3.273968e-02 0.000000e+00
2.080000e+00 1.180471e-02 5.262178e-20 3.287239e-02 0.000000e+00
2.090000e+00 1.180726e-02 -1.071261e-18 3.300583e-02 0.000000e+00
2.100000e+00 1.180935e-02 -1.901790e-19 3.314002e-02 0.000000e+00
2.110000e+00 1.181097e-02 -7.391297e-19 3.327496e-02 0.000000e+00
2.120000e+00 1.181211e-02 -4.632267e-19 3.341064e-02 0.000000e+00
2.130000e+00 1.181276e-02 -8.981876e-19 3.354709e-02 0.000000e+00
2.140000e+00 1.181292e-02 -7.190153e-19 3.368430e-02 0.000000e+00
2.150000e+00 1.181259e-02 -1.872649e-19 3.382228e-02 0.000000e+00
2.160000e+00 1.181174e-02 -8.042621e-19 3.396102e-02 0.000000e+00
2.170000e+00 1.181039e-02 -1.163144e-18 3.410055e-02 0.000000e+00
2.180000e+00 1.180851e-02 -4.782887e-19 3.424086e-02 0.000000e+00
2.190000e+00 1.180611e-02 1.768307e-19 3.438196e-02 0.000000e+00
2.200000e+00 1.180317e-02 -3.405494e-19 3.452385e-02 0.000000e+00
2.210000e+00 1.179969e-02 -6.772483e-19 3.466654e-02 0.000000e+00
2.220000e+00 1.179566e-02 -2.578196e-19 3.481003e-02 0.000000e+00
2.230000e+00 1.179108e-02 -9.971574e-19 3.495433e-02 0.000000e+00
2.240000e+00 1.178593e-02 -2.157324e-19 3.509945e-02 0.000000e+00
2.250000e+00 1.178022e-02 -1.483248e-18 3.524539e-02 0.000000e+00
2.260000e+00 1.177392e-02 -1.246699e-19 3.539215e-02 0.000000e+00
2.270000e+00 1.176705e-02 -1.193812e-19 3.553974e-02 0.000000e+00
2.280000e+00 1.175959e-02 -4.165307e-19 3.568817e-02 0.000000e+00
2.290000e+00 1.175153e-02 -8.810815e-19 3.583743e-02 0.000000e+00
2.300000e+00 1.174287e-02 5.587207e-19 3.598755e-02 0.000000e+00
2.310000e+00 1.173361e-02 1.928013e-19 3.613852e-02 0.000000e+00
2.320000e+00 1.172372e-02 -2.969381e-19 3.629035e-02 0.000000e+00
2.330000e+00 1.171322e-02 -1.318112e-18 3.644304e-02 0.000000e+00
2.340000e+00 1.170210e-02 -3.848877e-19 3.659660e-02 0.000000e+00
2.350000e+00 1.169034e-02 2.622169e-19 3.675103e-02 0.000000e+00
2.360000e+00 1.167795e-02 -6.265945e-19 3.690635e-02 0.000000e+00
2.370000e+00 1.166491e-02 -1.007640e-18 3.706255e-02 0.000000e+00
2.380000e+00 1.165122e-02 -3.860494e-19 3.721965e-02 0.000000e+00
2.390000e+00 1.163689e-02 -2.959487e-19 3.737764e-02 0.000000e+00
2.400000e+00 1.162189e-02 -9.457764e-19 3.753654e-02 0.000000e+00
2.410000e+00 1.160624e-02 -8.337377e-19 3.769635e-02 0.000000e+00
2.420000e+00 1.158992e-02 -6.307955e-19 3.785708e-02 0.000000e+00
2.430000e+00 1.157293e-02 -7.447694e-20 3.801873e-02 0.000000e+00
2.440000e+00 1.155527e-02 -1.216191e-19 3.818130e-02 0.000000e+00
2.450000e+00 1.153693e-02 -1.028603e-18 3.834481e-02 0.000000e+00
2.460000e+00 1.151790e-02 -6.456605e-19 3.850927e-02 0.000000e+00
2.470000e+00 1.149820e-02 -1.811296e-19 3.867466e-02 0.000000e+00
2.480000e+00 1.147781e-02 -4.593754e-19 3.884102e-02 0.000000e+00
2.490000e+00 1.145673e-02 -1.162433e-18 3.900833e-02 0.000000e+00
2.500000e+00 1.143496e-02 -2.646456e-19 3.917660e-02 0.000000e+00
2.510000e+00 1.141250e-02 -5.033626e-19 3.934585e-02 0.000000e+00
2.520000e+00 1.138934e-02 -7.594043e-19 3.951607e-02 0.000000e+00
2.530000e+00 1.136549e-02 -1.016034e-18 3.968729e-02 0.000000e+00
2.540000e+00 1.134094e-02 -7.044443e-19 3.985949e-02 0.000000e+00
2.550000e+00 1.131570e-02 -1.536707e-19 4.003268e-02 0.000000e+00
2.560000e+00 1.128976e-02 -3.964049e-19 4.020689e-02 0.000000e+00
2.570000e+00 1.126312e-02 -1.153965e-18 4.038210e-02 0.000000e+00
2.580000e+00 1.123579e-02 1.500301e-19 4.055833e-02 0.000000e+00
2.590000e+00 1.120777e-02 1.714269e-19 4.073558e-02 0.000000e+00
2.600000e+00 1.117906e-02 -1.343013e-19 4.091387e-02 0.000000e+00
2.610000e+00 1.114965e-02 -4.665306e-19 4.109319e-02 0.000000e+00
2.620000e+00 1.111956e-02 -2.943338e-19 4.127355e-02 0.000000e+00
2.630000e+00 1.108878e-02 -8.178872e-19 4.145497e-02 0.000000e+00
2.640000e+00 1.105733e-02 -2.450643e-19 4.163744e-02 0.000000e+00
2.650000e+00 1.102519e-02 -1.401826e-18 4.182097e-02 0.000000e+00
2.660000e+00 1.099238e-02 1.123689e-19 4.200558e-02 0.000000e+00
2.670000e+00 1.095891e-02 2.710712e-19 4.219126e-02 0.000000e+00
2.680000e+00 1.092477e-02 -3.922868e-19 4.237803e-02 0.000000e+00
2.690000e+00 1.088997e-02 -1.049995e-18 4.256589e-02 0.000000e+00
2.700000e+00 1.085452e-02 7.580280e-20 4.275485e-02 0.000000e+00
2.710000e+00 1.081843e-02 -5.052685e-19 4.294492e-02 0.000000e+00
2.720000e+00 1.078170e-02 4.019220e-20 4.313610e-02 0.000000e+00
2.730000e+00 1.074434e-02 -1.585843e-18 4.332839e-02 0.000000e+00
2.740000e+00 1.070635e-02 1.397665e-19 4.352182e-02 0.000000e+00
2.750000e+00 1.066776e-02 8.195562e-20 4.371638e-02 0.000000e+00
2.760000e+00 1.062856e-02 -1.277892e-19 4.391208e-02 0.000000e+00
2.770000e+00 1.058876e-02 -8.304526e-19 4.410893e-02 0.000000e+00
2.780000e+00 1.054838e-02 -9.420692e-19 4.430694e-02 0.000000e+00
2.790000e+00 1.050742e-02 -1.837941e-19 4.450610e-02 0.000000e+00
2.800000e+00 1.046590e-02 -1.869308e-19 4.470644e-02 0.000000e+00
2.810000e+00 1.042383e-02 -1.191183e-18 4.490796e-02 0.000000e+00
2.820000e+00 1.038121e-02 -5.586385e-19 4.511067e-02 0.000000e+00
2.830000e+00 1.033807e-02 -3.239386e-19 4.531456e-02 0.000000e+00
2.840000e+00 1.029440e-02 -2.183897e-19 4.551966e-02 0.000000e+00
2.850000e+00 1.025024e-02 -5.798082e-19 4.572597e-02 0.000000e+00
2.860000e+00 1.020558e-02 -4.926901e-19 4.593349e-02 0.000000e+00
2.870000e+00 1.016045e-02 -4.611130e-19 4.614223e-02 0.000000e+00
2.880000e+00 1.011486e-02 -1.450265e-19 4.635221e-02 0.000000e+00
2.890000e+00 1.006881e-02 -9.854362e-19 4.656342e-02 0.000000e+00
2.900000e+00 1.002233e-02 -6.831820e-19 4.677588e-02 0.000000e+00
2.910000e+00 9.975436e-03 -7.638699e-19 4.698960e-02 0.000000e+00
2.920000e+00 9.928135e-03 -6.366204e-19 4.720457e-02 0.000000e+00
2.930000e+00 9.880446e-03 -7.571980e-19 4.742082e-02 0.000000e+00
2.940000e+00 9.832385e-03 -1.235805e-19 4.763834e-02 0.000000e+00
2.950000e+00 9.783967e-03 -2.298058e-19 4.785715e-02 0.000000e+00
2.960000e+00 9.735210e-03 -2.773763e-19 4.807725e-02 0.000000e+00
2.970000e+00 9.686129e-03 -1.027574e-18 4.829866e-02 0.000000e+00
2.980000e+00 9.636741e-03 3.339610e-19 4.852137e-02 0.000000e+00
2.990000e+00 9.587063e-03 1.937642e-19 4.874540e-02 0.000000e+00
3.000000e+00 9.537112e-03 8.748244e-20 4.897075e-02 0.000000e+00
3.010000e+00 9.486905e-03 -4.258682e-19 4.919744e-02 0.000000e+00
3.020000e+00 9.436459e-03 -5.257652e-19 4.942547e-02 0.000000e+00
3.030000e+00 9.385791e-03 -3.742847e-19 4.965484e-02 0.000000e+00
3.040000e+00 9.334918e-03 -3.716519e-19 4.988558e-02 0.000000e+00
3.050000e+00 9.283858e-03 -5.749583e-19 5.011768e-02 0.000000e+00
3.060000e+00 9.232629e-03 -2.603809e-19 5.035115e-02 0.000000e+00
3.070000e+00 9.181246e-03 2.840896e-19 5.058600e-02 0.000000e+00
3.080000e+00 9.129728e-03 -4.696870e-19 5.082225e-02 0.000000e+00
3.090000e+00 9.078092e-03 -1.154882e-18 5.105989e-02 0.000000e+00
3.100000e+00 9.026354e-03 3.300910e-19 5.129893e-02 0.000000e+00
3.110000e+00 8.974532e-03 -3.139579e-21 5.153940e-02 0.000000e+00
3.120000e+00 8.922642e-03 -1.918446e-19 5.178128e-02 0.000000e+00
3.130000e+00 8.870701e-03 -1.092220e-18 5.202460e-02 0.000000e+00
3.140000e+00 8.818726e-03 1.148143e-19 5.226935e-02 0.000000e+00
3.150000e+00 8.766733e-03 4.647099e-19 5.251555e-02 0.000000e+00
3.160000e+00 8.714738e-03 -1.479361e-19 5.276321e-02 0.000000e+00
3.170000e+00 8.662757e-03 -3.494387e-19 5.301233e-02 0.000000e+00
3.180000e+00 8.610806e-03 -7.242028e-19 5.326292e-02 0.000000e+00
3.190000e+00 8.558900e-03 -2.984516e-19 5.351500e-02 0.000000e+00
3.200000e+00 8.507054e-03 -6.374925e-19 5.376856e-02 0.000000e+00
3.210000e+00 8.455283e-03 -6.740953e-19 5.402362e-02 0.000000e+00
3.220000e+00 8.403602e-03 -4.142608e-19 5.428019e-02 0.000000e+00
3.230000e+00 8.352025e-03 3.776282e-20 5.453827e-02 0.000000e+00
3.240000e+00 8.300567e-03 -1.913883e-19 5.479787e-02 0.000000e+00
3.250000e+00 8.249240e-03 -3.974176e-19 5.505901e-02 0.000000e+00
3.260000e+00 8.198058e-03 -4.987506e-19 5.532168e-02 0.000000e+00
3.270000e+00 8.147034e-03 -4.803322e-19 5.558590e-02 0.000000e+00
3.280000e+00 8.096181e-03 -1.348130e-20 5.585168e-02 0.000000e+00
3.290000e+00 8.045511e-03 -1.106390e-18 5.611902e-02 0.000000e+00
3.300000e+00 7.995037e-03 -1.255238e-19 5.638793e-02 0.000000e+00
3.310000e+00 7.944768e-03 -4.114903e-19 5.665843e-02 0.000000e+00
3.320000e+00 7.894717e-03 -6.457751e-20 5.693051e-02 0.000000e+00
3.330000e+00 7.844895e-03 -5.130261e-19 5.720420e-02 0.000000e+00
3.340000e+00 7.795312e-03 -3.467576e-20 5.747948e-02 0.000000e+00
3.350000e+00 7.745978e-03 8.479156e-20 5.775639e-02 0.000000e+00
3.360000e+00 7.696903e-03 8.928548e-21 5.803491e-02 0.000000e+00
3.370000e+00 7.648095e-03 -4.654173e-19 5.831507e-02 0.000000e+00
3.380000e+00 7.599565e-03 1.880352e-19 5.859686e-02 0.000000e+00
3.390000e+00 7.551320e-03 1.383283e-19 5.888031e-02 0.000000e+00
3.400000e+00 7.503368e-03 -4.068310e-22 5.916541e-02 0.000000e+00
3.410000e+00 7.455718e-03 -1.074257e-19 5.945217e-02 0.000000e+00
3.420000e+00 7.408377e-03 -7.779185e-20 5.974060e-02 0.000000e+00
3.430000e+00 7.361352e-03 -9.785640e-20 6.003072e-02 0.000000e+00
3.440000e+00 7.314649e-03 4.935586e-20 6.032252e-02 0.000000e+00
3.450000e+00 7.268275e-03 -5.548299e-19 6.061602e-02 0.000000e+00
3.460000e+00 7.222237e-03 3.067997e-19 6.091123e-02 0.000000e+00
3.470000e+00 7.176538e-03 2.644418e-19 6.120814e-02 0.000000e+00
3.480000e+00 7.131185e-03 -1.189892e-19 6.150678e-02 0.000000e+00
3.490000e+00 7.086183e-03 -4.392978e-19 6.180714e-02 0.000000e+00
3.500000e+00 7.041537e-03 2.399697e-19 6.210925e-02 0.000000e+00
3.510000e+00 6.997250e-03 3.419180e-19 6.241309e-02 0.000000e+00
3.520000e+00 6.953326e-03 -2.898601e-19 6.271869e-02 0.000000e+00
3.530000e+00 6.909769e-03 -5.871794e-19 6.302604e-02 0.000000e+00
3.540000e+00 6.866584e-03 4.566576e-19 6.333517e-02 0.000000e+00
3.550000e+00 6.823771e-03 3.304565e-19 6.364607e-02 0.000000e+00
3.560000e+00 6.781335e-03 1.800427e-19 6.395875e-02 0.000000e+00
3.570000e+00 6.739278e-03 -9.336310e-20 6.427322e-02 0.000000e+00
3.580000e+00 6.697602e-03 -7.346653e-19 6.458948e-02 0.000000e+00
3.590000e+00 6.656309e-03 -3.562760e-19 6.490755e-02 0.000000e+00
3.600000e+00 6.615400e-03 -1.051212e-20 6.522744e-02 0.000000e+00
3.610000e+00 6.574877e-03 -1.291416e-19 6.554914e-02 0.000000e+00
3.620000e+00 6.534742e-03 -2.413608e-19 6.587266e-02 0.000000e+00
3.630000e+00 6.494995e-03 1.404915e-19 6.619802e-02 0.000000e+00
3.640000e+00 6.455637e-03 4.738340e-19 6.652522e-02 0.000000e+00
3.650000e+00 6.416669e-03 -2.296185e-19 6.685427e-02 0.000000e+00
3.660000e+00 6.378090e-03 8.975096e-20 6.718517e-02 0.000000e+00
3.670000e+00 6.339902e-03 3.082534e-19 6.751793e-02 0.000000e+00
3.680000e+00 6.302103e-03 -1.453618e-19 6.785255e-02 0.000000e+00
3.690000e+00 6.264694e-03 -4.199727e-19 6.818905e-02 0.000000e+00
3.700000e+00 6.227674e-03 1.812116e-19 6.852742e-02 0.000000e+00
3.710000e+00 6.191043e-03 1.860347e-19 6.886769e-02 0.000000e+00
3.720000e+00 6.154799e-03 3.711313e-19 6.920984e-02 0.000000e+00
3.730000e+00 6.118942e-03 -5.296439e-19 6.955389e-02 0.000000e+00
3.740000e+00 6.083471e-03 2.072449e-19 6.989984e-02 0.000000e+00
3.750000e+00 6.048385e-03 4.976852e-19 7.024770e-02 0.000000e+00
3.760000e+00 6.013682e-03 3.861785e-19 7.059747e-02 0.000000e+00
3.770000e+00 5.979361e-03 -4.147096e-19 7.094917e-02 0.000000e+00
3.780000e+00 5.945419e-03 9.635078e-19 7.130278e-02 0.000000e+00
3.790000e+00 5.911857e-03 6.425052e-19 7.165833e-02 0.000000e+00
3.800000e+00 5.878670e-03 5.358447e-19 7.201581e-02 0.000000e+00
3.810000e+00 5.845859e-03 -3.238943e-19 7.237523e-02 0.000000e+00
3.820000e+00 5.813420e-03 -3.254369e-19 7.273659e-02 0.000000e+00
3.830000e+00 5.781352e-03 9.391570e-20 7.309991e-02 0.000000e+00
3.840000e+00 5.749652e-03 -7.493813e-20 7.346517e-02 0.000000e+00
3.850000e+00 5.718318e-03 -7.797225e-20 7.383239e-02 0.000000e+00
3.860000e+00 5.687348e-03 2.411907e-19 7.420157e-02 0.000000e+00
3.870000e+00 5.656739e-03 7.138273e-19 7.457271e-02 0.000000e+00
3.880000e+00 5.626489e-03 5.359723e-19 7.494582e-02 0.000000e+00
3.890000e+00 5.596595e-03 -5.428679e-19 7.532090e-02 0.000000e+00
3.900000e+00 5.567055e-03 4.831835e-19 7.569795e-02 0.000000e+00
3.910000e+00 5.537866e-03 8.986161e-20 7.607698e-02 0.000000e+00
3.920000e+00 5.509025e-03 6.704149e-19 7.645799e-02 0.000000e+00
3.930000e+00 5.480529e-03 1.843876e-21 7.684097e-02 0.000000e+00
3.940000e+00 5.452377e-03 5.596561e-19 7.722594e-02 0.000000e+00
3.950000e+00 5.424564e-03 9.042093e-19 7.761290e-02 0.000000e+00
3.960000e+00 5.397088e-03 6.217675e-19 7.800183e-02 0.000000e+00
3.970000e+00 5.369946e-03 1.819652e-19 7.839276e-02 0.000000e+00
3.980000e+00 5.343135e-03 -7.026452e-19 7.878568e-02 0.000000e+00
3.990000e+00 5.316653e-03 2.201466e-19 7.918058e-02 0.000000e+00
4.000000e+00 5.290496e-03 2.529627e-19 7.957747e-02 0.000000e+00
4.010000e+00 5.264661e-03 1.965200e-19 7.997635e-02 0.000000e+00
4.020000e+00 5.239145e-03 5.729194e-20 8.037722e-02 0.000000e+00
4.030000e+00 5.213946e-03 3.145242e-20 8.078009e-02 0.000000e+00
4.040000e+00 5.189060e-03 1.343251e-19 8.118493e-02 0.000000e+00
4.050000e+00 5.164484e-03 -8.520271e-20 8.159177e-02 0.000000e+00
4.060000e+00 5.140215e-03 -1.935085e-20 8.200059e-02 0.000000e+00
4.070000e+00 5.116251e-03 4.130899e-19 8.241139e-02 0.000000e+00
4.080000e+00 5.092587e-03 6.229886e-19 8.282418e-02 0.000000e+00
4.090000e+00 5.069222e-03 -1.900027e-19 8.323894e-02 0.000000e+00
4.100000e+00 5.046152e-03 1.889858e-19 8.365569e-02 0.000000e+00
4.110000e+00 5.023374e-03 3.797927e-19 8.407440e-02 0.000000e+00
4.120000e+00 5.000885e-03 7.911359e-19 8.449509e-02 0.000000e+00
4.130000e+00 4.978681e-03 -2.359830e-19 8.491774e-02 0.000000e+00
4.140000e+00 4.956761e-03 4.368619e-19 8.534235e-02 0.000000e+00
4.150000e+00 4.935121e-03 5.303448e-19 8.576892e-02 0.000000e+00
4.160000e+00 4.913758e-03 6.924912e-19 8.619743e-02 0.000000e+00
4.170000e+00 4.892669e-03 3.289455e-20 8.662790e-02 0.000000e+00
4.180000e+00 4.871851e-03 3.054094e-19 8.706030e-02 0.000000e+00
4.190000e+00 4.851301e-03 6.440838e-19 8.749464e-02 0.000000e+00
4.200000e+00 4.831016e-03 3.796781e-19 8.793091e-02 0.000000e+00
4.210000e+00 4.810994e-03 4.366273e-19 8.836909e-02 0.000000e+00
4.220000e+00 4.791231e-03 -4.972385e-20 8.880919e-02 0.000000e+00
4.230000e+00 4.771725e-03 7.645045e-19 8.925118e-02 0.000000e+00
4.240000e+00 4.752473e-03 4.613001e-19 8.969508e-02 0.000000e+00
4.250000e+00 4.733471e-03 2.625561e-19 9.014085e-02 0.000000e+00
4.260000e+00 4.714718e-03 2.141748e-19 9.058850e-02 0.000000e+00
4.270000e+00 4.696210e-03 9.235668e-19 9.103802e-02 0.000000e+00
4.280000e+00 4.677944e-03 8.717272e-19 9.148939e-02 0.000000e+00
4.290000e+00 4.659919e-03 -2.655188e-20 9.194260e-02 0.000000e+00
4.300000e+00 4.642130e-03 8.165442e-19 9.239764e-02 0.000000e+00
4.310000e+00 4.624576e-03 5.001741e-19 9.285451e-02 0.000000e+00
4.320000e+00 4.607254e-03 6.574293e-19 9.331317e-02 0.000000e+00
4.330000e+00 4.590161e-03 -2.094219e-21 9.377363e-02 0.000000e+00
4.340000e+00 4.573294e-03 7.153426e-19 9.423586e-02 0.000000e+00
4.350000e+00 4.556651e-03 8.858910e-19 9.469985e-02 0.000000e+00
4.360000e+00 4.540230e-03 3.838638e-19 9.516560e-02 0.000000e+00
4.370000e+00 4.524028e-03 4.730205e-19 9.563307e-02 0.000000e+00
4.380000e+00 4.508041e-03 -8.572505e-20 9.610225e-02 0.000000e+00
4.390000e+00 4.492269e-03 4.841975e-19 9.657314e-02 0.000000e+00
4.400000e+00 4.476708e-03 2.906968e-19 9.704570e-02 0.000000e+00
4.410000e+00 4.461356e-03 5.977929e-19 9.751992e-02 0.000000e+00
4.420000e+00 4.446210e-03 -2.803611e-19 9.799578e-02 0.000000e+00
4.430000e+00 4.431269e-03 2.968124e-19 9.847326e-02 0.000000e+00
4.440000e+00 4.416530e-03 2.396729e-19 9.895234e-02 0.000000e+00
4.450000e+00 4.401989e-03 3.462113e-19 9.943300e-02 0.000000e+00
4.460000e+00 4.387647e-03 7.414866e-20 9.991521e-02 0.000000e+00
4.470000e+00 4.373499e-03 5.090061e-19 1.003990e-01 0.000000e+00
4.480000e+00 4.359543e-03 1.007801e-18 1.008842e-01 0.000000e+00
4.490000e+00 4.345778e-03 4.532508e-19 1.013710e-01 0.000000e+00
4.500000e+00 4.332201e-03 -2.166015e-21 1.018592e-01 0.000000e+00
4.510000e+00 4.318811e-03 5.760777e-19 1.023488e-01 0.000000e+00
4.520000e+00 4.305604e-03 9.874208e-19 1.028398e-01 0.000000e+00
4.530000e+00 4.292579e-03 -3.181103e-19 1.033323e-01 0.000000e+00
4.540000e+00 4.279734e-03 6.239725e-19 1.038260e-01 0.000000e+00
4.550000e+00 4.267066e-03 7.746713e-19 1.043211e-01 0.000000e+00
4.560000e+00 4.254574e-03 6.226707e-19 1.048175e-01 0.000000e+00
4.570000e+00 4.242256e-03 -3.294729e-19 1.053152e-01 0.000000e+00
4.580000e+00 4.230109e-03 7.316320e-19 1.058141e-01 0.000000e+00
4.590000e+00 4.218132e-03 9.934067e-19 1.063142e-01 0.000000e+00
4.600000e+00 4.206323e-03 5.570852e-19 1.068154e-01 0.000000e+00
4.610000e+00 4.194679e-03 6.328005e-19 1.073178e-01 0.000000e+00
4.620000e+00 4.183199e-03 4.989157e-19 1.078212e-01 0.000000e+00
4.630000e+00 4.171881e-03 1.137546e-18 1.083258e-01 0.000000e+00
4.640000e+00 4.160724e-03 6.808487e-19 1.088313e-01 0.000000e+00
4.650000e+00 4.149725e-03 8.665951e-19 1.093379e-01 0.000000e+00
4.660000e+00 4.138882e-03 7.423623e-19 1.098454e-01 0.000000e+00
4.670000e+00 4.128194e-03 1.084593e-18 1.103538e-01 0.000000e+00
4.680000e+00 4.117660e-03 9.062607e-19 1.108630e-01 0.000000e+00
4.690000e+00 4.107276e-03 3.298641e-19 1.113731e-01 0.000000e+00
4.700000e+00 4.097043e-03 7.404738e-19 1.118840e-01 0.000000e+00
4.710000e+00 4.086957e-03 8.114307e-19 1.123956e-01 0.000000e+00
4.720000e+00 4.077018e-03 1.200711e-18 1.129079e-01 0.000000e+00
4.730000e+00 4.067223e-03 5.290781e-19 1.134208e-01 0.000000e+00
4.740000e+00 4.057572e-03 1.062581e-18 1.139344e-01 0.000000e+00
4.750000e+00 4.048062e-03 7.251135e-19 1.144485e-01 0.000000e+00
4.760000e+00 4.038691e-03 9.691315e-19 1.149631e-01 0.000000e+00
4.770000e+00 4.029460e-03 7.612487e-19 1.154782e-01 0.000000e+00
4.780000e+00 4.020365e-03 2.144407e-19 1.159937e-01 0.000000e+00
4.790000e+00 4.011405e-03 7.557715e-19 1.165095e-01 0.000000e+00
4.800000e+00 4.002580e-03 1.021817e-18 1.170257e-01 0.000000e+00
4.810000e+00 3.993886e-03 5.250435e-19 1.175421e-01 0.000000e+00
4.820000e+00 3.985324e-03 5.398528e-19 1.180587e-01 0.000000e+00
4.830000e+00 3.976891e-03 5.402223e-19 1.185755e-01 0.000000e+00
4.840000e+00 3.968587e-03 8.651705e-19 1.190923e-01 0.000000e+00
4.850000e+00 3.960409e-03 1.028582e-18 1.196092e-01 0.000000e+00
4.860000e+00 3.952357e-03 9.089248e-19 1.201260e-01 0.000000e+00
4.870000e+00 3.944429e-03 8.548831e-19 1.206428e-01 0.000000e+00
4.880000e+00 3.936623e-03 4.326401e-19 1.211594e-01 0.000000e+00
4.890000e+00 3.928939e-03 1.017888e-18 1.216758e-01 0.000000e+00
4.900000e+00 3.921375e-03 2.102527e-19 1.221919e-01 0.000000e+00
4.910000e+00 3.913930e-03 7.023034e-19 1.227077e-01 0.000000e+00
4.920000e+00 3.906602e-03 7.654273e-19 1.232231e-01 0.000000e+00
4.930000e+00 3.899391e-03 2.715178e-19 1.237380e-01 0.000000e+00
4.940000e+00 3.892295e-03 9.146592e-19 1.242524e-01 0.000000e+00
4.950000e+00 3.885313e-03 1.003926e-18 1.247662e-01 0.000000e+00
4.960000e+00 3.878444e-03 8.765459e-19 1.252794e-01 0.000000e+00
4.970000e+00 3.871687e-03 4.053962e-19 1.257918e-01 0.000000e+00
4.980000e+00 3.865040e-03 1.131808e-18 1.263034e-01 0.000000e+00
4.990000e+00 3.858502e-03 1.001784e-18 1.268142e-01 0.000000e+00
