# "w" "numerical(real, imag)" "exact(real, imag)"
-4.000000e+01 4.622340e-04 9.783236e-19 3.002923e-04 0.000000e+00
-3.992000e+01 4.604066e-04 1.897377e-18 3.013376e-04 0.000000e+00
-3.984000e+01 4.586524e-04 4.036140e-18 3.023883e-04 0.000000e+00
-3.976000e+01 4.569668e-04 1.029240e-19 3.034445e-04 0.000000e+00
-3.968000e+01 4.553453e-04 -2.092176e-18 3.045063e-04 0.000000e+00
-3.960000e+01 4.537843e-04 6.174483e-18 3.055736e-04 0.000000e+00
-3.952000e+01 4.522802e-04 3.923432e-18 3.066465e-04 0.000000e+00
-3.944000e+01 4.508298e-04 1.348885e-18 3.077251e-04 0.000000e+00
-3.936000e+01 4.494302e-04 8.694883e-19 3.088094e-04 0.000000e+00
-3.928000e+01 4.480788e-04 2.622602e-18 3.098995e-04 0.000000e+00
-3.920000e+01 4.467732e-04 2.181113e-18 3.109953e-04 0.000000e+00
-3.912000e+01 4.455112e-04 -3.514291e-18 3.120969e-04 0.000000e+00
-3.904000e+01 4.442908e-04 3.429257e-18 3.132044e-04 0.000000e+00
-3.896000e+01 4.431100e-04 5.083460e-18 3.143178e-04 0.000000e+00
-3.888000e+01 4.419673e-04 7.884814e-19 3.154371e-04 0.000000e+00
-3.880000e+01 4.408610e-04 -3.984365e-18 3.165625e-04 0.000000e+00
-3.872000e+01 4.397898e-04 7.702352e-19 3.176938e-04 0.000000e+00
-3.864000e+01 4.387523e-04 5.063135e-18 3.188312e-04 0.000000e+00
-3.856000e+01 4.377472e-04 1.617254e-18 3.199748e-04 0.000000e+00
-3.848000e+01 4.367736e-04 2.040064e-18 3.211245e-04 0.000000e+00
-3.840000e+01 4.358302e-04 -4.869624e-18 3.222804e-04 0.000000e+00
-3.832000e+01 4.349162e-04 3.723479e-18 3.234425e-04 0.000000e+00
-3.824000e+01 4.340306e-04 -5.279951e-18 3.246110e-04 0.000000e+00
-3.816000e+01 4.331727e-04 -3.579010e-18 3.257858e-04 0.000000e+00
-3.808000e+01 4.323417e-04 3.392717e-18 3.269669e-04 0.000000e+00
-3.800000e+01 4.315369e-04 1.829503e-18 3.281545e-04 0.000000e+00
-3.792000e+01 4.307575e-04 1.739815e-18 3.293486e-04 0.000000e+00
-3.784000e+01 4.300030e-04 3.832097e-19 3.305492e-04 0.000000e+00
-3.776000e+01 4.292729e-04 7.233550e-19 3.317564e-04 0.000000e+00
-3.768000e+01 4.285666e-04 5.429180e-19 3.329702e-04 0.000000e+00
-3.760000e+01 4.278836e-04 -3.116499e-18 3.341906e-04 0.000000e+00
-3.752000e+01 4.272235e-04 -1.391570e-18 3.354178e-04 0.000000e+00
-3.744000e+01 4.265858e-04 -5.549976e-18 3.366518e-04 0.000000e+00
-3.736000e+01 4.259703e-04 2.682125e-18 3.378925e-04 0.000000e+00
-3.728000e+01 4.253764e-04 -2.310026e-18 3.391401e-04 0.000000e+00
-3.720000e+01 4.248039e-04 9.881411e-19 3.403947e-04 0.000000e+00
-3.712000e+01 4.242526e-04 -1.009284e-17 3.416562e-04 0.000000e+00
-3.704000e+01 4.237220e-04 3.232273e-18 3.429248e-04 0.000000e+00
-3.696000e+01 4.232120e-04 -9.434432e-18 3.442004e-04 0.000000e+00
-3.688000e+01 4.227224e-04 -1.071703e-17 3.454831e-04 0.000000e+00
-3.680000e+01 4.222530e-04 -1.704560e-18 3.467730e-04 0.000000e+00
-3.672000e+01 4.218035e-04 -1.835944e-18 3.480702e-04 0.000000e+00
-3.664000e+01 4.213738e-04 -3.215109e-18 3.493746e-04 0.000000e+00
-3.656000e+01 4.209639e-04 -7.594613e-20 3.506864e-04 0.000000e+00
-3.648000e+01 4.205735e-04 -2.587557e-18 3.520055e-04 0.000000e+00
-3.640000e+01 4.202026e-04 3.707860e-18 3.533322e-04 0.000000e+00
-3.632000e+01 4.198511e-04 -6.419153e-18 3.546663e-04 0.000000e+00
-3.624000e+01 4.195189e-04 -6.612182e-18 3.560080e-04 0.000000e+00
-3.616000e+01 4.192061e-04 -2.217692e-18 3.573573e-04 0.000000e+00
-3.608000e+01 4.189126e-04 -1.032850e-17 3.587143e-04 0.000000e+00
-3.600000e+01 4.186385e-04 -2.153978e-19 3.600791e-04 0.000000e+00
-3.592000e+01 4.183837e-04 3.457687e-18 3.614516e-04 0.000000e+00
-3.584000e+01 4.181483e-04 -4.832511e-18 3.628320e-04 0.000000e+00
-3.576000e+01 4.179325e-04 -6.143182e-19 3.642203e-04 0.000000e+00
-3.568000e+01 4.177363e-04 -7.392134e-18 3.656166e-04 0.000000e+00
-3.560000e+01 4.175598e-04 5.362852e-18 3.670209e-04 0.000000e+00
-3.552000e+01 4.174033e-04 -2.997430e-18 3.684333e-04 0.000000e+00
-3.544000e+01 4.172668e-04 -1.038990e-18 3.698539e-04 0.000000e+00
-3.536000e+01 4.171507e-04 -3.863909e-18 3.712827e-04 0.000000e+00
-3.528000e+01 4.170552e-04 -3.936379e-18 3.727198e-04 0.000000e+00
-3.520000e+01 4.169805e-04 -1.172194e-17 3.741653e-04 0.000000e+00
-3.512000e+01 4.169271e-04 -3.826192e-18 3.756192e-04 0.000000e+00
-3.504000e+01 4.168951e-04 -5.571688e-18 3.770815e-04 0.000000e+00
-3.496000e+01 4.168852e-04 -3.167612e-18 3.785524e-04 0.000000e+00
-3.488000e+01 4.168977e-04 -2.247865e-18 3.800319e-04 0.000000e+00
-3.480000e+01 4.169332e-04 -3.708268e-18 3.815201e-04 0.000000e+00
-3.472000e+01 4.169921e-04 -9.782700e-18 3.830171e-04 0.000000e+00
-3.464000e+01 4.170752e-04 -7.713359e-18 3.845229e-04 0.000000e+00
-3.456000e+01 4.171832e-04 -1.129287e-17 3.860375e-04 0.000000e+00
-3.448000e+01 4.173168e-04 -1.208680e-17 3.875612e-04 0.000000e+00
-3.440000e+01 4.174769e-04 -8.300059e-18 3.890938e-04 0.000000e+00
-3.432000e+01 4.176644e-04 -5.452857e-18 3.906356e-04 0.000000e+00
-3.424000e+01 4.178805e-04 -4.978654e-18 3.921865e-04 0.000000e+00
-3.416000e+01 4.181262e-04 -5.362827e-18 3.937467e-04 0.000000e+00
-3.408000e+01 4.184030e-04 -5.477522e-18 3.953162e-04 0.000000e+00
-3.400000e+01 4.187122e-04 -2.750797e-18 3.968951e-04 0.000000e+00
-3.392000e+01 4.190555e-04 -1.614282e-17 3.984835e-04 0.000000e+00
-3.384000e+01 4.194346e-04 -2.511858e-18 4.000814e-04 0.000000e+00
-3.376000e+01 4.198515e-04 -9.919982e-18 4.016889e-04 0.000000e+00
-3.368000e+01 4.203085e-04 -1.491924e-17 4.033062e-04 0.000000e+00
-3.360000e+01 4.208080e-04 -5.741460e-18 4.049332e-04 0.000000e+00
-3.352000e+01 4.213527e-04 -7.948169e-18 4.065701e-04 0.000000e+00
-3.344000e+01 4.219455e-04 -4.319182e-18 4.082169e-04 0.000000e+00
-3.336000e+01 4.225897e-04 -5.319058e-18 4.098737e-04 0.000000e+00
-3.328000e+01 4.232890e-04 -5.539065e-18 4.115406e-04 0.000000e+00
-3.320000e+01 4.240473e-04 -7.463705e-18 4.132177e-04 0.000000e+00
-3.312000e+01 4.248688e-04 -3.849653e-18 4.149051e-04 0.000000e+00
-3.304000e+01 4.257580e-04 -4.170667e-18 4.166028e-04 0.000000e+00
-3.296000e+01 4.267197e-04 -2.373477e-18 4.183110e-04 0.000000e+00
-3.288000e+01 4.277588e-04 -6.721228e-18 4.200296e-04 0.000000e+00
-3.280000e+01 4.288801e-04 -6.964775e-18 4.217589e-04 0.000000e+00
-3.272000e+01 4.300882e-04 -4.907036e-18 4.234989e-04 0.000000e+00
-3.264000e+01 4.313873e-04 -5.633426e-18 4.252496e-04 0.000000e+00
-3.256000e+01 4.327805e-04 -2.696559e-18 4.270112e-04 0.000000e+00
-3.248000e+01 4.342695e-04 -2.917498e-18 4.287838e-04 0.000000e+00
-3.240000e+01 4.358544e-04 1.070730e-18 4.305674e-04 0.000000e+00
-3.232000e+01 4.375328e-04 -6.796420e-18 4.323622e-04 0.000000e+00
-3.224000e+01 4.393000e-04 -5.105855e-18 4.341682e-04 0.000000e+00
-3.216000e+01 4.411485e-04 -3.168547e-18 4.359855e-04 0.000000e+00
-3.208000e+01 4.430686e-04 -1.267564e-17 4.378143e-04 0.000000e+00
-3.200000e+01 4.450485e-04 -2.699361e-19 4.396545e-04 0.000000e+00
-3.192000e+01 4.470758e-04 -1.911664e-18 4.415064e-04 0.000000e+00
-3.184000e+01 4.491378e-04 -2.612489e-19 4.433700e-04 0.000000e+00
-3.176000e+01 4.512227e-04 -3.222364e-18 4.452454e-04 0.000000e+00
-3.168000e+01 4.533203e-04 -2.992243e-18 4.471328e-04 0.000000e+00
-3.160000e+01 4.554225e-04 -9.298682e-19 4.490321e-04 0.000000e+00
-3.152000e+01 4.575230e-04 -5.445986e-19 4.509436e-04 0.000000e+00
-3.144000e+01 4.596179e-04 -6.364690e-18 4.528673e-04 0.000000e+00
-3.136000e+01 4.617046e-04 2.109990e-18 4.548033e-04 0.000000e+00
-3.128000e+01 4.637822e-04 -4.194445e-18 4.567517e-04 0.000000e+00
-3.120000e+01 4.658507e-04 -4.382453e-20 4.587127e-04 0.000000e+00
-3.112000e+01 4.679110e-04 -4.660737e-19 4.606863e-04 0.000000e+00
-3.104000e+01 4.699642e-04 2.601399e-18 4.626726e-04 0.000000e+00
-3.096000e+01 4.720119e-04 5.611830e-19 4.646719e-04 0.000000e+00
-3.088000e+01 4.740559e-04 2.525153e-18 4.666841e-04 0.000000e+00
-3.080000e+01 4.760978e-04 -9.216338e-18 4.687093e-04 0.000000e+00
-3.072000e+01 4.781393e-04 -1.437812e-18 4.707478e-04 0.000000e+00
-3.064000e+01 4.801820e-04 -5.717967e-18 4.727996e-04 0.000000e+00
-3.056000e+01 4.822275e-04 -1.361853e-18 4.748648e-04 0.000000e+00
-3.048000e+01 4.842771e-04 -7.134045e-18 4.769436e-04 0.000000e+00
-3.040000e+01 4.863321e-04 -5.899971e-19 4.790361e-04 0.000000e+00
-3.032000e+01 4.883937e-04 -2.514337e-18 4.811423e-04 0.000000e+00
-3.024000e+01 4.904629e-04 -2.507254e-18 4.832624e-04 0.000000e+00
-3.016000e+01 4.925407e-04 -6.292897e-18 4.853966e-04 0.000000e+00
-3.008000e+01 4.946280e-04 -2.870654e-18 4.875449e-04 0.000000e+00
-3.000000e+01 4.967255e-04 -3.427176e-20 4.897075e-04 0.000000e+00
-2.992000e+01 4.988339e-04 -2.503510e-18 4.918845e-04 0.000000e+00
-2.984000e+01 5.009540e-04 -5.102934e-18 4.940761e-04 0.000000e+00
-2.976000e+01 5.030862e-04 4.261658e-19 4.962823e-04 0.000000e+00
-2.968000e+01 5.052311e-04 -1.700557e-18 4.985033e-04 0.000000e+00
-2.960000e+01 5.073892e-04 -2.168295e-18 5.007392e-04 0.000000e+00
-2.952000e+01 5.095610e-04 -5.717540e-18 5.029902e-04 0.000000e+00
-2.944000e+01 5.117468e-04 1.848632e-18 5.052564e-04 0.000000e+00
-2.936000e+01 5.139471e-04 -3.086377e-18 5.075379e-04 0.000000e+00
-2.928000e+01 5.161622e-04 -1.908374e-18 5.098349e-04 0.000000e+00
-2.920000e+01 5.183924e-04 -8.108825e-18 5.121475e-04 0.000000e+00
-2.912000e+01 5.206380e-04 -1.750823e-20 5.144758e-04 0.000000e+00
-2.904000e+01 5.228994e-04 -7.879507e-18 5.168201e-04 0.000000e+00
-2.896000e+01 5.251768e-04 -3.686068e-18 5.191803e-04 0.000000e+00
-2.888000e+01 5.274704e-04 -1.246650e-17 5.215568e-04 0.000000e+00
-2.880000e+01 5.297805e-04 -5.960760e-18 5.239496e-04 0.000000e+00
-2.872000e+01 5.321074e-04 -7.515826e-18 5.263589e-04 0.000000e+00
-2.864000e+01 5.344513e-04 -9.991519e-18 5.287849e-04 0.000000e+00
-2.856000e+01 5.368124e-04 -2.161826e-18 5.312276e-04 0.000000e+00
-2.848000e+01 5.391909e-04 -5.834833e-18 5.336873e-04 0.000000e+00
-2.840000e+01 5.415871e-04 -2.444929e-18 5.361641e-04 0.000000e+00
-2.832000e+01 5.440011e-04 -3.727103e-18 5.386581e-04 0.000000e+00
-2.824000e+01 5.464331e-04 -1.050832e-17 5.411696e-04 0.000000e+00
-2.816000e+01 5.488834e-04 -3.037322e-18 5.436986e-04 0.000000e+00
-2.808000e+01 5.513521e-04 -1.083753e-17 5.462454e-04 0.000000e+00
-2.800000e+01 5.538394e-04 -3.359046e-18 5.488101e-04 0.000000e+00
-2.792000e+01 5.563455e-04 -1.221661e-18 5.513929e-04 0.000000e+00
-2.784000e+01 5.588706e-04 -4.158725e-18 5.539940e-04 0.000000e+00
-2.776000e+01 5.614150e-04 -1.017101e-17 5.566135e-04 0.000000e+00
-2.768000e+01 5.639786e-04 -8.438780e-18 5.592516e-04 0.000000e+00
-2.760000e+01 5.665619e-04 -4.404955e-18 5.619084e-04 0.000000e+00
-2.752000e+01 5.691649e-04 -2.158151e-18 5.645842e-04 0.000000e+00
-2.744000e+01 5.717878e-04 -1.297098e-17 5.672792e-04 0.000000e+00
-2.736000e+01 5.744309e-04 3.183126e-18 5.699935e-04 0.000000e+00
-2.728000e+01 5.770942e-04 -6.210796e-18 5.727272e-04 0.000000e+00
-2.720000e+01 5.797781e-04 -1.395426e-19 5.754807e-04 0.000000e+00
-2.712000e+01 5.824826e-04 -5.645005e-18 5.782540e-04 0.000000e+00
-2.704000e+01 5.852081e-04 -3.087352e-18 5.810475e-04 0.000000e+00
-2.696000e+01 5.879546e-04 -4.922376e-18 5.838611e-04 0.000000e+00
-2.688000e+01 5.907223e-04 -6.099255e-18 5.866953e-04 0.000000e+00
-2.680000e+01 5.935115e-04 9.839770e-18 5.895501e-04 0.000000e+00
-2.672000e+01 5.963224e-04 -5.848954e-18 5.924258e-04 0.000000e+00
-2.664000e+01 5.991551e-04 -7.279807e-19 5.953225e-04 0.000000e+00
-2.656000e+01 6.020099e-04 3.089307e-18 5.982405e-04 0.000000e+00
-2.648000e+01 6.048870e-04 -2.309587e-18 6.011800e-04 0.000000e+00
-2.640000e+01 6.077865e-04 -1.659560e-18 6.041411e-04 0.000000e+00
-2.632000e+01 6.107087e-04 -3.420830e-18 6.071242e-04 0.000000e+00
-2.624000e+01 6.136537e-04 -1.192855e-18 6.101294e-04 0.000000e+00
-2.616000e+01 6.166219e-04 6.239672e-18 6.131570e-04 0.000000e+00
-2.608000e+01 6.196133e-04 4.096229e-18 6.162071e-04 0.000000e+00
-2.600000e+01 6.226283e-04 -5.154919e-18 6.192799e-04 0.000000e+00
-2.592000e+01 6.256670e-04 4.001841e-18 6.223758e-04 0.000000e+00
-2.584000e+01 6.287297e-04 -6.922790e-18 6.254950e-04 0.000000e+00
-2.576000e+01 6.318166e-04 -1.243898e-18 6.286376e-04 0.000000e+00
-2.568000e+01 6.349279e-04 2.110627e-18 6.318039e-04 0.000000e+00
-2.560000e+01 6.380638e-04 2.810950e-18 6.349942e-04 0.000000e+00
-2.552000e+01 6.412246e-04 -4.378466e-18 6.382087e-04 0.000000e+00
-2.544000e+01 6.444106e-04 2.944587e-18 6.414476e-04 0.000000e+00
-2.536000e+01 6.476219e-04 8.113552e-18 6.447112e-04 0.000000e+00
-2.528000e+01 6.508588e-04 2.094406e-18 6.479997e-04 0.000000e+00
-2.520000e+01 6.541215e-04 2.908536e-18 6.513134e-04 0.000000e+00
-2.512000e+01 6.574104e-04 3.991689e-18 6.546526e-04 0.000000e+00
-2.504000e+01 6.607256e-04 -7.690032e-19 6.580174e-04 0.000000e+00
-2.496000e+01 6.640674e-04 -1.691512e-18 6.614083e-04 0.000000e+00
-2.488000e+01 6.674361e-04 1.426451e-18 6.648254e-04 0.000000e+00
-2.480000e+01 6.708319e-04 1.105474e-17 6.682690e-04 0.000000e+00
-2.472000e+01 6.742551e-04 9.922669e-18 6.717394e-04 0.000000e+00
-2.464000e+01 6.777060e-04 2.415147e-18 6.752368e-04 0.000000e+00
-2.456000e+01 6.811848e-04 1.848703e-18 6.787616e-04 0.000000e+00
-2.448000e+01 6.846918e-04 5.403651e-18 6.823141e-04 0.000000e+00
-2.440000e+01 6.882273e-04 6.013185e-18 6.858944e-04 0.000000e+00
-2.432000e+01 6.917916e-04 1.297768e-17 6.895030e-04 0.000000e+00
-2.424000e+01 6.953850e-04 8.109043e-18 6.931401e-04 0.000000e+00
-2.416000e+01 6.990077e-04 1.156067e-17 6.968060e-04 0.000000e+00
-2.408000e+01 7.026601e-04 7.079995e-18 7.005010e-04 0.000000e+00
-2.400000e+01 7.063425e-04 6.097091e-18 7.042254e-04 0.000000e+00
-2.392000e+01 7.100551e-04 6.509340e-18 7.079796e-04 0.000000e+00
-2.384000e+01 7.137984e-04 2.268987e-18 7.117638e-04 0.000000e+00
-2.376000e+01 7.175725e-04 5.403730e-18 7.155784e-04 0.000000e+00
-2.368000e+01 7.213778e-04 8.444731e-18 7.194237e-04 0.000000e+00
-2.360000e+01 7.252147e-04 9.247267e-18 7.233001e-04 0.000000e+00
-2.352000e+01 7.290834e-04 2.245788e-18 7.272078e-04 0.000000e+00
-2.344000e+01 7.329843e-04 7.738303e-18 7.311472e-04 0.000000e+00
-2.336000e+01 7.369178e-04 7.124348e-18 7.351186e-04 0.000000e+00
-2.328000e+01 7.408841e-04 3.645266e-18 7.391225e-04 0.000000e+00
-2.320000e+01 7.448837e-04 9.080353e-18 7.431591e-04 0.000000e+00
-2.312000e+01 7.489168e-04 6.253976e-18 7.472288e-04 0.000000e+00
-2.304000e+01 7.529838e-04 7.166434e-18 7.513319e-04 0.000000e+00
-2.296000e+01 7.570852e-04 6.240682e-18 7.554689e-04 0.000000e+00
-2.288000e+01 7.612212e-04 1.318847e-18 7.596402e-04 0.000000e+00
-2.280000e+01 7.653922e-04 5.162489e-18 7.638460e-04 0.000000e+00
-2.272000e+01 7.695986e-04 4.131561e-18 7.680867e-04 0.000000e+00
-2.264000e+01 7.738408e-04 1.643765e-18 7.723629e-04 0.000000e+00
-2.256000e+01 7.781192e-04 3.332665e-18 7.766747e-04 0.000000e+00
-2.248000e+01 7.824341e-04 2.611573e-18 7.810228e-04 0.000000e+00
-2.240000e+01 7.867860e-04 4.051652e-18 7.854073e-04 0.000000e+00
-2.232000e+01 7.911753e-04 3.420173e-18 7.898289e-04 0.000000e+00
-2.224000e+01 7.956024e-04 4.070400e-18 7.942878e-04 0.000000e+00
-2.216000e+01 8.000676e-04 1.849136e-18 7.987845e-04 0.000000e+00
-2.208000e+01 8.045715e-04 2.815466e-18 8.033195e-04 0.000000e+00
-2.200000e+01 8.091144e-04 -7.371325e-19 8.078931e-04 0.000000e+00
-2.192000e+01 8.136968e-04 -2.936558e-18 8.125058e-04 0.000000e+00
-2.184000e+01 8.183192e-04 -2.409004e-18 8.171581e-04 0.000000e+00
-2.176000e+01 8.229819e-04 -2.813021e-18 8.218504e-04 0.000000e+00
-2.168000e+01 8.276854e-04 -2.989287e-18 8.265831e-04 0.000000e+00
-2.160000e+01 8.324302e-04 -2.551650e-18 8.313568e-04 0.000000e+00
-2.152000e+01 8.372168e-04 4.623800e-18 8.361718e-04 0.000000e+00
-2.144000e+01 8.420456e-04 1.351073e-18 8.410288e-04 0.000000e+00
-2.136000e+01 8.469171e-04 -1.429106e-18 8.459281e-04 0.000000e+00
-2.128000e+01 8.518318e-04 -1.120599e-18 8.508703e-04 0.000000e+00
-2.120000e+01 8.567902e-04 -7.872218e-18 8.558558e-04 0.000000e+00
-2.112000e+01 8.617928e-04 2.289954e-18 8.608852e-04 0.000000e+00
-2.104000e+01 8.668401e-04 1.134610e-18 8.659590e-04 0.000000e+00
-2.096000e+01 8.719326e-04 -2.580892e-18 8.710776e-04 0.000000e+00
-2.088000e+01 8.770709e-04 5.661394e-19 8.762417e-04 0.000000e+00
-2.080000e+01 8.822555e-04 -1.914422e-18 8.814518e-04 0.000000e+00
-2.072000e+01 8.874869e-04 -4.715272e-18 8.867084e-04 0.000000e+00
-2.064000e+01 8.927657e-04 -6.454542e-19 8.920121e-04 0.000000e+00
-2.056000e+01 8.980924e-04 6.633974e-18 8.973634e-04 0.000000e+00
-2.048000e+01 9.034676e-04 -5.208068e-18 9.027630e-04 0.000000e+00
-2.040000e+01 9.088920e-04 -9.845721e-18 9.082113e-04 0.000000e+00
-2.032000e+01 9.143659e-04 2.466048e-19 9.137090e-04 0.000000e+00
-2.024000e+01 9.198902e-04 6.022681e-18 9.192566e-04 0.000000e+00
-2.016000e+01 9.254653e-04 -3.496110e-19 9.248549e-04 0.000000e+00
-2.008000e+01 9.310919e-04 3.943391e-18 9.305043e-04 0.000000e+00
-2.000000e+01 9.367705e-04 -5.402544e-18 9.362055e-04 0.000000e+00
-1.992000e+01 9.425019e-04 -6.986103e-18 9.419593e-04 0.000000e+00
-1.984000e+01 9.482867e-04 -7.842444e-19 9.477661e-04 0.000000e+00
-1.976000e+01 9.541255e-04 -3.393306e-18 9.536266e-04 0.000000e+00
-1.968000e+01 9.600190e-04 -6.065306e-18 9.595416e-04 0.000000e+00
-1.960000e+01 9.659678e-04 -1.160836e-18 9.655117e-04 0.000000e+00
-1.952000e+01 9.719726e-04 -2.438653e-18 9.715375e-04 0.000000e+00
-1.944000e+01 9.780342e-04 -1.727832e-18 9.776198e-04 0.000000e+00
-1.936000e+01 9.841532e-04 -4.734790e-18 9.837593e-04 0.000000e+00
-1.928000e+01 9.903303e-04 -7.966005e-18 9.899567e-04 0.000000e+00
-1.920000e+01 9.965663e-04 1.178962e-18 9.962127e-04 0.000000e+00
-1.912000e+01 1.002862e-03 3.680192e-18 1.002528e-03 0.000000e+00
-1.904000e+01 1.009218e-03 -1.634061e-18 1.008904e-03 0.000000e+00
-1.896000e+01 1.015635e-03 1.900299e-18 1.015340e-03 0.000000e+00
-1.888000e+01 1.022114e-03 -5.158035e-18 1.021838e-03 0.000000e+00
-1.880000e+01 1.028656e-03 9.767220e-18 1.028398e-03 0.000000e+00
-1.872000e+01 1.035261e-03 -2.999609e-18 1.035022e-03 0.000000e+00
-1.864000e+01 1.041930e-03 9.813890e-19 1.041710e-03 0.000000e+00
-1.856000e+01 1.048665e-03 -1.699493e-19 1.048463e-03 0.000000e+00
-1.848000e+01 1.055465e-03 -9.560647e-19 1.055281e-03 0.000000e+00
-1.840000e+01 1.062332e-03 -3.597448e-19 1.062166e-03 0.000000e+00
-1.832000e+01 1.069267e-03 -5.703862e-18 1.069118e-03 0.000000e+00
-1.824000e+01 1.076271e-03 4.420652e-18 1.076139e-03 0.000000e+00
-1.816000e+01 1.083343e-03 8.536292e-18 1.083229e-03 0.000000e+00
-1.808000e+01 1.090487e-03 -6.873941e-18 1.090389e-03 0.000000e+00
-1.800000e+01 1.097701e-03 -9.894118e-18 1.097620e-03 0.000000e+00
-1.792000e+01 1.104988e-03 -1.774718e-18 1.104923e-03 0.000000e+00
-1.784000e+01 1.112347e-03 -2.857789e-18 1.112300e-03 0.000000e+00
-1.776000e+01 1.119781e-03 2.332664e-18 1.119750e-03 0.000000e+00
-1.768000e+01 1.127290e-03 1.309131e-18 1.127275e-03 0.000000e+00
-1.760000e+01 1.134876e-03 4.867552e-19 1.134876e-03 0.000000e+00
-1.752000e+01 1.142538e-03 4.342607e-18 1.142553e-03 0.000000e+00
-1.744000e+01 1.150278e-03 -6.068958e-18 1.150309e-03 0.000000e+00
-1.736000e+01 1.158098e-03 5.141391e-18 1.158144e-03 0.000000e+00
-1.728000e+01 1.165998e-03 7.923056e-19 1.166059e-03 0.000000e+00
-1.720000e+01 1.173980e-03 -1.882368e-18 1.174055e-03 0.000000e+00
-1.712000e+01 1.182043e-03 -9.488007e-19 1.182134e-03 0.000000e+00
-1.704000e+01 1.190191e-03 -3.384947e-18 1.190296e-03 0.000000e+00
-1.696000e+01 1.198423e-03 9.837114e-19 1.198543e-03 0.000000e+00
-1.688000e+01 1.206742e-03 4.521214e-18 1.206875e-03 0.000000e+00
-1.680000e+01 1.215147e-03 -5.555404e-18 1.215294e-03 0.000000e+00
-1.672000e+01 1.223641e-03 -1.867700e-18 1.223802e-03 0.000000e+00
-1.664000e+01 1.232224e-03 3.336231e-18 1.232399e-03 0.000000e+00
-1.656000e+01 1.240898e-03 2.859298e-18 1.241086e-03 0.000000e+00
-1.648000e+01 1.249665e-03 5.293771e-19 1.249866e-03 0.000000e+00
-1.640000e+01 1.258524e-03 -9.252648e-18 1.258739e-03 0.000000e+00
-1.632000e+01 1.267479e-03 -7.250632e-19 1.267706e-03 0.000000e+00
-1.624000e+01 1.276529e-03 1.150058e-18 1.276770e-03 0.000000e+00
-1.616000e+01 1.285677e-03 -6.066507e-18 1.285930e-03 0.000000e+00
-1.608000e+01 1.294924e-03 1.797238e-18 1.295189e-03 0.000000e+00
-1.600000e+01 1.304271e-03 2.924701e-19 1.304549e-03 0.000000e+00
-1.592000e+01 1.313719e-03 7.039434e-19 1.314010e-03 0.000000e+00
-1.584000e+01 1.323271e-03 3.957471e-18 1.323573e-03 0.000000e+00
-1.576000e+01 1.332927e-03 4.647030e-18 1.333242e-03 0.000000e+00
-1.568000e+01 1.342690e-03 -2.682306e-18 1.343016e-03 0.000000e+00
-1.560000e+01 1.352560e-03 5.831126e-18 1.352898e-03 0.000000e+00
-1.552000e+01 1.362540e-03 8.050656e-19 1.362889e-03 0.000000e+00
-1.544000e+01 1.372630e-03 4.999690e-18 1.372991e-03 0.000000e+00
-1.536000e+01 1.382833e-03 2.719150e-18 1.383205e-03 0.000000e+00
-1.528000e+01 1.393151e-03 6.235323e-19 1.393534e-03 0.000000e+00
-1.520000e+01 1.403584e-03 1.025697e-18 1.403978e-03 0.000000e+00
-1.512000e+01 1.414134e-03 2.075907e-18 1.414540e-03 0.000000e+00
-1.504000e+01 1.424805e-03 9.657958e-18 1.425220e-03 0.000000e+00
-1.496000e+01 1.435596e-03 6.670233e-18 1.436022e-03 0.000000e+00
-1.488000e+01 1.446510e-03 2.259940e-20 1.446947e-03 0.000000e+00
-1.480000e+01 1.457550e-03 4.858725e-18 1.457997e-03 0.000000e+00
-1.472000e+01 1.468716e-03 8.863217e-18 1.469173e-03 0.000000e+00
-1.464000e+01 1.480010e-03 5.406462e-18 1.480478e-03 0.000000e+00
-1.456000e+01 1.491436e-03 4.755958e-18 1.491913e-03 0.000000e+00
-1.448000e+01 1.502994e-03 9.331122e-18 1.503481e-03 0.000000e+00
-1.440000e+01 1.514687e-03 5.866604e-18 1.515184e-03 0.000000e+00
-1.432000e+01 1.526517e-03 6.102769e-18 1.527024e-03 0.000000e+00
-1.424000e+01 1.538485e-03 2.050707e-18 1.539002e-03 0.000000e+00
-1.416000e+01 1.550595e-03 6.535625e-18 1.551121e-03 0.000000e+00
-1.408000e+01 1.562848e-03 5.484413e-18 1.563384e-03 0.000000e+00
-1.400000e+01 1.575247e-03 6.220895e-18 1.575792e-03 0.000000e+00
-1.392000e+01 1.587794e-03 1.161092e-19 1.588347e-03 0.000000e+00
-1.384000e+01 1.600491e-03 1.519640e-18 1.601053e-03 0.000000e+00
-1.376000e+01 1.613340e-03 6.835579e-18 1.613912e-03 0.000000e+00
-1.368000e+01 1.626345e-03 9.170397e-18 1.626925e-03 0.000000e+00
-1.360000e+01 1.639508e-03 4.014860e-18 1.640096e-03 0.000000e+00
-1.352000e+01 1.652830e-03 1.269077e-17 1.653427e-03 0.000000e+00
-1.344000e+01 1.666315e-03 9.363869e-18 1.666921e-03 0.000000e+00
-1.336000e+01 1.679966e-03 6.491088e-18 1.680580e-03 0.000000e+00
-1.328000e+01 1.693784e-03 3.770996e-18 1.694407e-03 0.000000e+00
-1.320000e+01 1.707774e-03 3.982003e-18 1.708404e-03 0.000000e+00
-1.312000e+01 1.721937e-03 8.693548e-18 1.722575e-03 0.000000e+00
-1.304000e+01 1.736277e-03 7.687846e-18 1.736923e-03 0.000000e+00
-1.296000e+01 1.750796e-03 2.018551e-18 1.751450e-03 0.000000e+00
-1.288000e+01 1.765497e-03 1.145138e-17 1.766159e-03 0.000000e+00
-1.280000e+01 1.780384e-03 6.073857e-18 1.781054e-03 0.000000e+00
-1.272000e+01 1.795459e-03 7.501918e-18 1.796137e-03 0.000000e+00
-1.264000e+01 1.810727e-03 8.703231e-18 1.811411e-03 0.000000e+00
-1.256000e+01 1.826189e-03 9.219928e-18 1.826881e-03 0.000000e+00
-1.248000e+01 1.841849e-03 1.945351e-18 1.842549e-03 0.000000e+00
-1.240000e+01 1.857712e-03 5.825307e-18 1.858418e-03 0.000000e+00
-1.232000e+01 1.873779e-03 6.878891e-18 1.874493e-03 0.000000e+00
-1.224000e+01 1.890055e-03 1.046267e-17 1.890776e-03 0.000000e+00
-1.216000e+01 1.906544e-03 1.184486e-17 1.907272e-03 0.000000e+00
-1.208000e+01 1.923248e-03 9.662287e-18 1.923983e-03 0.000000e+00
-1.200000e+01 1.940173e-03 3.378969e-18 1.940914e-03 0.000000e+00
-1.192000e+01 1.957320e-03 6.852595e-18 1.958069e-03 0.000000e+00
-1.184000e+01 1.974696e-03 6.730120e-18 1.975451e-03 0.000000e+00
-1.176000e+01 1.992303e-03 7.572328e-18 1.993064e-03 0.000000e+00
-1.168000e+01 2.010146e-03 7.374132e-18 2.010913e-03 0.000000e+00
-1.160000e+01 2.028228e-03 5.421299e-18 2.029002e-03 0.000000e+00
-1.152000e+01 2.046555e-03 7.795438e-18 2.047335e-03 0.000000e+00
-1.144000e+01 2.065130e-03 6.579969e-18 2.065917e-03 0.000000e+00
-1.136000e+01 2.083959e-03 2.688431e-18 2.084752e-03 0.000000e+00
-1.128000e+01 2.103045e-03 9.098658e-18 2.103844e-03 0.000000e+00
-1.120000e+01 2.122394e-03 4.741837e-18 2.123198e-03 0.000000e+00
-1.112000e+01 2.142009e-03 4.726799e-18 2.142820e-03 0.000000e+00
-1.104000e+01 2.161897e-03 6.340699e-18 2.162713e-03 0.000000e+00
-1.096000e+01 2.182062e-03 4.674982e-18 2.182884e-03 0.000000e+00
-1.088000e+01 2.202509e-03 9.391316e-18 2.203337e-03 0.000000e+00
-1.080000e+01 2.223243e-03 3.674709e-18 2.224077e-03 0.000000e+00
-1.072000e+01 2.244271e-03 1.445071e-17 2.245110e-03 0.000000e+00
-1.064000e+01 2.265597e-03 2.768203e-18 2.266441e-03 0.000000e+00
-1.056000e+01 2.287227e-03 8.273666e-18 2.288077e-03 0.000000e+00
-1.048000e+01 2.309166e-03 1.138938e-17 2.310022e-03 0.000000e+00
-1.040000e+01 2.331422e-03 6.990139e-18 2.332282e-03 0.000000e+00
-1.032000e+01 2.353999e-03 1.472221e-17 2.354865e-03 0.000000e+00
-1.024000e+01 2.376904e-03 4.863271e-18 2.377775e-03 0.000000e+00
-1.016000e+01 2.400143e-03 8.672569e-18 2.401020e-03 0.000000e+00
-1.008000e+01 2.423724e-03 9.566342e-18 2.424605e-03 0.000000e+00
-1.000000e+01 2.447652e-03 6.056923e-18 2.448538e-03 0.000000e+00
-9.920000e+00 2.471934e-03 2.583014e-18 2.472825e-03 0.000000e+00
-9.840000e+00 2.496577e-03 6.549622e-18 2.497473e-03 0.000000e+00
-9.760000e+00 2.521589e-03 -9.324809e-18 2.522489e-03 0.000000e+00
-9.680000e+00 2.546976e-03 1.046788e-17 2.547881e-03 0.000000e+00
-9.600000e+00 2.572747e-03 3.141752e-18 2.573657e-03 0.000000e+00
-9.520000e+00 2.598909e-03 -1.697284e-18 2.599823e-03 0.000000e+00
-9.440000e+00 2.625470e-03 -4.137199e-19 2.626389e-03 0.000000e+00
-9.360000e+00 2.652437e-03 -9.919704e-20 2.653361e-03 0.000000e+00
-9.280000e+00 2.679820e-03 -5.545062e-18 2.680748e-03 0.000000e+00
-9.200000e+00 2.707627e-03 2.929666e-18 2.708559e-03 0.000000e+00
-9.120000e+00 2.735866e-03 1.563517e-18 2.736803e-03 0.000000e+00
-9.040000e+00 2.764547e-03 3.798798e-18 2.765488e-03 0.000000e+00
-8.960000e+00 2.793679e-03 6.179835e-18 2.794624e-03 0.000000e+00
-8.880000e+00 2.823271e-03 1.076223e-18 2.824220e-03 0.000000e+00
-8.800000e+00 2.853332e-03 2.232942e-18 2.854285e-03 0.000000e+00
-8.720000e+00 2.883873e-03 3.929347e-18 2.884830e-03 0.000000e+00
-8.640000e+00 2.914905e-03 6.021672e-18 2.915866e-03 0.000000e+00
-8.560000e+00 2.946436e-03 1.449521e-18 2.947401e-03 0.000000e+00
-8.480000e+00 2.978479e-03 -6.552083e-18 2.979448e-03 0.000000e+00
-8.400000e+00 3.011044e-03 5.883523e-19 3.012016e-03 0.000000e+00
-8.320000e+00 3.044142e-03 1.667539e-18 3.045118e-03 0.000000e+00
-8.240000e+00 3.077786e-03 4.337935e-18 3.078766e-03 0.000000e+00
-8.160000e+00 3.111986e-03 -2.299413e-18 3.112970e-03 0.000000e+00
-8.080000e+00 3.146756e-03 2.571091e-18 3.147743e-03 0.000000e+00
-8.000000e+00 3.182108e-03 -2.416241e-18 3.183099e-03 0.000000e+00
-7.920000e+00 3.218055e-03 2.349179e-19 3.219049e-03 0.000000e+00
-7.840000e+00 3.254610e-03 4.293167e-19 3.255608e-03 0.000000e+00
-7.760000e+00 3.291787e-03 2.403520e-18 3.292788e-03 0.000000e+00
-7.680000e+00 3.329600e-03 -5.989669e-19 3.330605e-03 0.000000e+00
-7.600000e+00 3.368064e-03 -4.254710e-18 3.369072e-03 0.000000e+00
-7.520000e+00 3.407193e-03 2.710591e-18 3.408204e-03 0.000000e+00
-7.440000e+00 3.447003e-03 -4.608926e-19 3.448017e-03 0.000000e+00
-7.360000e+00 3.487509e-03 2.966541e-18 3.488526e-03 0.000000e+00
-7.280000e+00 3.528728e-03 1.879978e-18 3.529748e-03 0.000000e+00
-7.200000e+00 3.570676e-03 -4.535747e-19 3.571700e-03 0.000000e+00
-7.120000e+00 3.613371e-03 2.863345e-18 3.614398e-03 0.000000e+00
-7.040000e+00 3.656830e-03 -4.244354e-18 3.657860e-03 0.000000e+00
-6.960000e+00 3.701071e-03 4.340058e-19 3.702104e-03 0.000000e+00
-6.880000e+00 3.746114e-03 4.818107e-18 3.747150e-03 0.000000e+00
-6.800000e+00 3.791977e-03 1.697476e-18 3.793016e-03 0.000000e+00
-6.720000e+00 3.838681e-03 5.010311e-18 3.839722e-03 0.000000e+00
-6.640000e+00 3.886245e-03 4.537327e-18 3.887289e-03 0.000000e+00
-6.560000e+00 3.934691e-03 1.190622e-18 3.935738e-03 0.000000e+00
-6.480000e+00 3.984041e-03 3.415940e-18 3.985090e-03 0.000000e+00
-6.400000e+00 4.034316e-03 1.871467e-18 4.035369e-03 0.000000e+00
-6.320000e+00 4.085541e-03 5.269613e-18 4.086596e-03 0.000000e+00
-6.240000e+00 4.137739e-03 2.159171e-19 4.138797e-03 0.000000e+00
-6.160000e+00 4.190934e-03 5.052425e-18 4.191995e-03 0.000000e+00
-6.080000e+00 4.245153e-03 9.503687e-19 4.246215e-03 0.000000e+00
-6.000000e+00 4.300420e-03 2.006714e-18 4.301485e-03 0.000000e+00
-5.920000e+00 4.356763e-03 1.042211e-18 4.357831e-03 0.000000e+00
-5.840000e+00 4.414210e-03 1.619671e-18 4.415280e-03 0.000000e+00
-5.760000e+00 4.472789e-03 1.870306e-18 4.473862e-03 0.000000e+00
-5.680000e+00 4.532531e-03 -3.273587e-18 4.533606e-03 0.000000e+00
-5.600000e+00 4.593465e-03 -3.171505e-19 4.594542e-03 0.000000e+00
-5.520000e+00 4.655624e-03 1.668134e-18 4.656703e-03 0.000000e+00
-5.440000e+00 4.719040e-03 2.710282e-18 4.720121e-03 0.000000e+00
-5.360000e+00 4.783747e-03 -2.713933e-18 4.784830e-03 0.000000e+00
-5.280000e+00 4.849779e-03 -5.779449e-18 4.850865e-03 0.000000e+00
-5.200000e+00 4.917174e-03 -6.882583e-19 4.918262e-03 0.000000e+00
-5.120000e+00 4.985967e-03 -3.478581e-18 4.987057e-03 0.000000e+00
-5.040000e+00 5.056198e-03 -2.259479e-18 5.057290e-03 0.000000e+00
-4.960000e+00 5.127907e-03 -4.594754e-18 5.129001e-03 0.000000e+00
-4.880000e+00 5.201134e-03 -5.737170e-18 5.202230e-03 0.000000e+00
-4.800000e+00 5.275923e-03 -7.592917e-18 5.277021e-03 0.000000e+00
-4.720000e+00 5.352317e-03 -7.094126e-18 5.353417e-03 0.000000e+00
-4.640000e+00 5.430363e-03 -2.485124e-18 5.431464e-03 0.000000e+00
-4.560000e+00 5.510107e-03 -3.744456e-18 5.511211e-03 0.000000e+00
-4.480000e+00 5.591599e-03 -1.190526e-17 5.592704e-03 0.000000e+00
-4.400000e+00 5.674889e-03 -1.311803e-17 5.675997e-03 0.000000e+00
-4.320000e+00 5.760031e-03 -8.341110e-18 5.761140e-03 0.000000e+00
-4.240000e+00 5.847078e-03 -7.125024e-18 5.848189e-03 0.000000e+00
-4.160000e+00 5.936087e-03 -1.759942e-17 5.937199e-03 0.000000e+00
-4.080000e+00 6.027117e-03 -9.607540e-18 6.028231e-03 0.000000e+00
-4.000000e+00 6.120228e-03 -9.355886e-18 6.121344e-03 0.000000e+00
-3.920000e+00 6.215484e-03 -9.729950e-18 6.216601e-03 0.000000e+00
-3.840000e+00 6.312950e-03 -1.516497e-17 6.314069e-03 0.000000e+00
-3.760000e+00 6.412693e-03 -9.865447e-18 6.413814e-03 0.000000e+00
-3.680000e+00 6.514785e-03 -8.053740e-18 6.515907e-03 0.000000e+00
-3.600000e+00 6.619298e-03 -1.435749e-17 6.620422e-03 0.000000e+00
-3.520000e+00 6.726309e-03 -1.377021e-17 6.727434e-03 0.000000e+00
-3.440000e+00 6.835896e-03 -5.002044e-18 6.837022e-03 0.000000e+00
-3.360000e+00 6.948141e-03 -1.352212e-17 6.949269e-03 0.000000e+00
-3.280000e+00 7.063130e-03 -7.284974e-18 7.064260e-03 0.000000e+00
-3.200000e+00 7.180951e-03 -8.592819e-18 7.182082e-03 0.000000e+00
-3.120000e+00 7.301697e-03 -1.218593e-17 7.302829e-03 0.000000e+00
-3.040000e+00 7.425463e-03 -8.157058e-18 7.426597e-03 0.000000e+00
-2.960000e+00 7.552350e-03 -1.514989e-17 7.553485e-03 0.000000e+00
-2.880000e+00 7.682460e-03 -8.606439e-18 7.683596e-03 0.000000e+00
-2.800000e+00 7.815903e-03 -1.065889e-17 7.817040e-03 0.000000e+00
-2.720000e+00 7.952791e-03 -9.117478e-18 7.953929e-03 0.000000e+00
-2.640000e+00 8.093240e-03 -9.180813e-18 8.094380e-03 0.000000e+00
-2.560000e+00 8.237375e-03 -5.383641e-18 8.238516e-03 0.000000e+00
-2.480000e+00 8.385321e-03 -1.347169e-17 8.386463e-03 0.000000e+00
-2.400000e+00 8.537212e-03 -1.228429e-17 8.538355e-03 0.000000e+00
-2.320000e+00 8.693187e-03 -8.687464e-18 8.694331e-03 0.000000e+00
-2.240000e+00 8.853389e-03 -9.430660e-18 8.854534e-03 0.000000e+00
-2.160000e+00 9.017970e-03 -4.183801e-18 9.019117e-03 0.000000e+00
-2.080000e+00 9.187088e-03 -7.363220e-18 9.188236e-03 0.000000e+00
-2.000000e+00 9.360907e-03 -6.090583e-18 9.362055e-03 0.000000e+00
-1.920000e+00 9.539599e-03 -2.693602e-18 9.540748e-03 0.000000e+00
-1.840000e+00 9.723343e-03 -4.946984e-18 9.724493e-03 0.000000e+00
-1.760000e+00 9.912327e-03 -4.593467e-18 9.913478e-03 0.000000e+00
-1.680000e+00 1.010675e-02 -9.557628e-18 1.010790e-02 0.000000e+00
-1.600000e+00 1.030681e-02 -2.874306e-18 1.030796e-02 0.000000e+00
-1.520000e+00 1.051273e-02 2.895229e-18 1.051388e-02 0.000000e+00
-1.440000e+00 1.072473e-02 -2.609429e-19 1.072588e-02 0.000000e+00
-1.360000e+00 1.094304e-02 1.204471e-18 1.094420e-02 0.000000e+00
-1.280000e+00 1.116792e-02 1.197419e-18 1.116908e-02 0.000000e+00
-1.200000e+00 1.139963e-02 -3.617231e-19 1.140078e-02 0.000000e+00
-1.120000e+00 1.163842e-02 -2.740272e-18 1.163958e-02 0.000000e+00
-1.040000e+00 1.188459e-02 -2.830626e-18 1.188575e-02 0.000000e+00
-9.600000e-01 1.213844e-02 -2.409146e-18 1.213959e-02 0.000000e+00
-8.800000e-01 1.240027e-02 -1.547619e-19 1.240143e-02 0.000000e+00
-8.000000e-01 1.267041e-02 1.808157e-18 1.267157e-02 0.000000e+00
-7.200000e-01 1.294921e-02 7.619759e-18 1.295038e-02 0.000000e+00
-6.400000e-01 1.323704e-02 3.064692e-18 1.323820e-02 0.000000e+00
-5.600000e-01 1.353426e-02 -5.886109e-19 1.353543e-02 0.000000e+00
-4.800000e-01 1.384129e-02 -1.457565e-18 1.384245e-02 0.000000e+00
-4.000000e-01 1.415853e-02 -2.921491e-18 1.415969e-02 0.000000e+00
-3.200000e-01 1.448643e-02 -2.056379e-18 1.448760e-02 0.000000e+00
-2.400000e-01 1.482546e-02 7.659344e-18 1.482663e-02 0.000000e+00
-1.600000e-01 1.517611e-02 -5.832680e-18 1.517727e-02 0.000000e+00
-8.000000e-02 1.553888e-02 -1.502924e-18 1.554005e-02 0.000000e+00
0.000000e+00 1.591433e-02 2.809752e-18 1.591549e-02 0.000000e+00
8.000000e-02 1.630302e-02 -2.035019e-18 1.630419e-02 0.000000e+00
1.600000e-01 1.670556e-02 1.261582e-18 1.670672e-02 0.000000e+00
2.400000e-01 1.712257e-02 -2.922511e-18 1.712375e-02 0.000000e+00
3.200000e-01 1.755475e-02 2.195604e-19 1.755592e-02 0.000000e+00
4.000000e-01 1.800278e-02 -1.147378e-18 1.800395e-02 0.000000e+00
4.800000e-01 1.846742e-02 -1.852682e-18 1.846859e-02 0.000000e+00
5.600000e-01 1.894945e-02 6.760086e-18 1.895063e-02 0.000000e+00
6.400000e-01 1.944971e-02 8.383459e-18 1.945089e-02 0.000000e+00
7.200000e-01 1.996908e-02 1.258547e-18 1.997025e-02 0.000000e+00
8.000000e-01 2.050848e-02 3.807685e-18 2.050966e-02 0.000000e+00
8.800000e-01 2.106890e-02 5.291389e-18 2.107008e-02 0.000000e+00
9.600000e-01 2.165138e-02 -2.225508e-18 2.165256e-02 0.000000e+00
1.040000e+00 2.225701e-02 1.051413e-18 2.225819e-02 0.000000e+00
1.120000e+00 2.288695e-02 8.024895e-19 2.288814e-02 0.000000e+00
1.200000e+00 2.354245e-02 8.206277e-18 2.354363e-02 0.000000e+00
1.280000e+00 2.422479e-02 4.868790e-18 2.422597e-02 0.000000e+00
1.360000e+00 2.493535e-02 6.448586e-19 2.493654e-02 0.000000e+00
1.440000e+00 2.567559e-02 1.102046e-18 2.567678e-02 0.000000e+00
1.520000e+00 2.644705e-02 8.863376e-18 2.644824e-02 0.000000e+00
1.600000e+00 2.725137e-02 2.414057e-18 2.725256e-02 0.000000e+00
1.680000e+00 2.809026e-02 1.290140e-17 2.809145e-02 0.000000e+00
1.760000e+00 2.896557e-02 3.103367e-18 2.896676e-02 0.000000e+00
1.840000e+00 2.987920e-02 9.340251e-18 2.988040e-02 0.000000e+00
1.920000e+00 3.083323e-02 9.601228e-18 3.083442e-02 0.000000e+00
2.000000e+00 3.182979e-02 -3.569506e-18 3.183099e-02 0.000000e+00
2.080000e+00 3.287119e-02 3.271189e-18 3.287239e-02 0.000000e+00
2.160000e+00 3.395983e-02 2.473164e-18 3.396102e-02 0.000000e+00
2.240000e+00 3.509825e-02 5.037888e-18 3.509945e-02 0.000000e+00
2.320000e+00 3.628915e-02 6.646286e-18 3.629035e-02 0.000000e+00
2.400000e+00 3.753534e-02 6.091088e-18 3.753654e-02 0.000000e+00
2.480000e+00 3.883982e-02 1.531590e-17 3.884102e-02 0.000000e+00
2.560000e+00 4.020569e-02 3.341388e-18 4.020689e-02 0.000000e+00
2.640000e+00 4.163624e-02 -3.465370e-18 4.163744e-02 0.000000e+00
2.720000e+00 4.313489e-02 4.762808e-18 4.313610e-02 0.000000e+00
2.800000e+00 4.470524e-02 1.234720e-17 4.470644e-02 0.000000e+00
2.880000e+00 4.635100e-02 -1.694683e-19 4.635221e-02 0.000000e+00
2.960000e+00 4.807605e-02 7.192282e-18 4.807725e-02 0.000000e+00
3.040000e+00 4.988437e-02 5.170830e-18 4.988558e-02 0.000000e+00
3.120000e+00 5.178007e-02 8.712743e-18 5.178128e-02 0.000000e+00
3.200000e+00 5.376735e-02 8.319606e-18 5.376856e-02 0.000000e+00
3.280000e+00 5.585047e-02 -6.847602e-18 5.585168e-02 0.000000e+00
3.360000e+00 5.803370e-02 -8.730246e-19 5.803491e-02 0.000000e+00
3.440000e+00 6.032131e-02 1.063401e-17 6.032252e-02 0.000000e+00
3.520000e+00 6.271748e-02 2.819136e-18 6.271869e-02 0.000000e+00
3.600000e+00 6.522622e-02 1.121949e-17 6.522744e-02 0.000000e+00
3.680000e+00 6.785134e-02 6.760669e-18 6.785255e-02 0.000000e+00
3.760000e+00 7.059626e-02 1.256111e-17 7.059747e-02 0.000000e+00
3.840000e+00 7.346395e-02 9.857186e-18 7.346517e-02 0.000000e+00
3.920000e+00 7.645677e-02 5.433978e-18 7.645799e-02 0.000000e+00
4.000000e+00 7.957625e-02 1.126867e-17 7.957747e-02 0.000000e+00
4.080000e+00 8.282296e-02 1.211651e-17 8.282418e-02 0.000000e+00
4.160000e+00 8.619621e-02 -4.500904e-19 8.619743e-02 0.000000e+00
4.240000e+00 8.969385e-02 9.252084e-18 8.969508e-02 0.000000e+00
4.320000e+00 9.331195e-02 7.244767e-18 9.331317e-02 0.000000e+00
4.400000e+00 9.704447e-02 1.280864e-17 9.704570e-02 0.000000e+00
4.480000e+00 1.008830e-01 4.460517e-19 1.008842e-01 0.000000e+00
4.560000e+00 1.048163e-01 -3.298583e-18 1.048175e-01 0.000000e+00
4.640000e+00 1.088301e-01 1.322023e-17 1.088313e-01 0.000000e+00
4.720000e+00 1.129066e-01 1.319283e-17 1.129079e-01 0.000000e+00
4.800000e+00 1.170245e-01 2.823738e-18 1.170257e-01 0.000000e+00
4.880000e+00 1.211581e-01 1.362734e-17 1.211594e-01 0.000000e+00
4.960000e+00 1.252782e-01 9.139616e-18 1.252794e-01 0.000000e+00
5.040000e+00 1.293510e-01 5.622412e-19 1.293522e-01 0.000000e+00
5.120000e+00 1.333390e-01 9.071931e-18 1.333403e-01 0.000000e+00
5.200000e+00 1.372013e-01 -1.309612e-17 1.372025e-01 0.000000e+00
5.280000e+00 1.408937e-01 1.568164e-19 1.408950e-01 0.000000e+00
5.360000e+00 1.443701e-01 1.204426e-17 1.443713e-01 0.000000e+00
5.440000e+00 1.475831e-01 1.586885e-18 1.475843e-01 0.000000e+00
5.520000e+00 1.504857e-01 8.125300e-18 1.504869e-01 0.000000e+00
5.600000e+00 1.530324e-01 5.053787e-18 1.530336e-01 0.000000e+00
5.680000e+00 1.551810e-01 1.253227e-18 1.551823e-01 0.000000e+00
5.760000e+00 1.568944e-01 2.813459e-18 1.568956e-01 0.000000e+00
5.840000e+00 1.581416e-01 -1.520276e-17 1.581428e-01 0.000000e+00
5.920000e+00 1.588995e-01 -1.181095e-19 1.589007e-01 0.000000e+00
6.000000e+00 1.591537e-01 1.990598e-17 1.591549e-01 0.000000e+00
6.080000e+00 1.588995e-01 -4.133909e-18 1.589007e-01 0.000000e+00
6.160000e+00 1.581416e-01 -6.799051e-20 1.581428e-01 0.000000e+00
6.240000e+00 1.568944e-01 5.284483e-18 1.568956e-01 0.000000e+00
6.320000e+00 1.551810e-01 -2.018808e-18 1.551823e-01 0.000000e+00
6.400000e+00 1.530324e-01 -1.356861e-18 1.530336e-01 0.000000e+00
6.480000e+00 1.504857e-01 -1.253345e-17 1.504869e-01 0.000000e+00
6.560000e+00 1.475831e-01 1.073296e-18 1.475843e-01 0.000000e+00
6.640000e+00 1.443701e-01 7.238688e-18 1.443713e-01 0.000000e+00
6.720000e+00 1.408937e-01 -2.992431e-18 1.408950e-01 0.000000e+00
6.800000e+00 1.372013e-01 -4.701177e-18 1.372025e-01 0.000000e+00
6.880000e+00 1.333390e-01 1.817265e-19 1.333403e-01 0.000000e+00
6.960000e+00 1.293509e-01 2.008755e-18 1.293522e-01 0.000000e+00
7.040000e+00 1.252781e-01 -5.918492e-19 1.252794e-01 0.000000e+00
7.120000e+00 1.211581e-01 -1.262105e-17 1.211594e-01 0.000000e+00
7.200000e+00 1.170244e-01 -1.957633e-18 1.170257e-01 0.000000e+00
7.280000e+00 1.129066e-01 -5.281677e-18 1.129079e-01 0.000000e+00
7.360000e+00 1.088301e-01 -4.702996e-18 1.088313e-01 0.000000e+00
7.440000e+00 1.048163e-01 -4.484539e-18 1.048175e-01 0.000000e+00
7.520000e+00 1.008830e-01 2.306650e-18 1.008842e-01 0.000000e+00
7.600000e+00 9.704444e-02 -5.482585e-18 9.704570e-02 0.000000e+00
7.680000e+00 9.331191e-02 -6.957271e-18 9.331317e-02 0.000000e+00
7.760000e+00 8.969382e-02 -5.475239e-18 8.969508e-02 0.000000e+00
7.840000e+00 8.619617e-02 6.183437e-18 8.619743e-02 0.000000e+00
7.920000e+00 8.282292e-02 -3.567071e-18 8.282418e-02 0.000000e+00
8.000000e+00 7.957621e-02 4.939290e-19 7.957747e-02 0.000000e+00
8.080000e+00 7.645672e-02 -1.287170e-17 7.645799e-02 0.000000e+00
8.160000e+00 7.346391e-02 -4.909613e-18 7.346517e-02 0.000000e+00
8.240000e+00 7.059621e-02 -1.235292e-17 7.059747e-02 0.000000e+00
8.320000e+00 6.785129e-02 -5.067016e-18 6.785255e-02 0.000000e+00
8.400000e+00 6.522617e-02 -9.983110e-18 6.522744e-02 0.000000e+00
8.480000e+00 6.271742e-02 -4.278159e-18 6.271869e-02 0.000000e+00
8.560000e+00 6.032126e-02 2.051845e-20 6.032252e-02 0.000000e+00
8.640000e+00 5.803365e-02 -4.365708e-18 5.803491e-02 0.000000e+00
8.720000e+00 5.585041e-02 -9.187351e-18 5.585168e-02 0.000000e+00
8.800000e+00 5.376729e-02 1.677656e-18 5.376856e-02 0.000000e+00
8.880000e+00 5.178001e-02 -1.063274e-17 5.178128e-02 0.000000e+00
8.960000e+00 4.988431e-02 -4.587853e-18 4.988558e-02 0.000000e+00
9.040000e+00 4.807598e-02 -2.819664e-18 4.807725e-02 0.000000e+00
9.120000e+00 4.635094e-02 -7.120103e-18 4.635221e-02 0.000000e+00
9.200000e+00 4.470517e-02 -6.070213e-18 4.470644e-02 0.000000e+00
9.280000e+00 4.313482e-02 -9.746129e-18 4.313610e-02 0.000000e+00
9.360000e+00 4.163616e-02 -1.249911e-17 4.163744e-02 0.000000e+00
9.440000e+00 4.020561e-02 -4.973218e-18 4.020689e-02 0.000000e+00
9.520000e+00 3.883974e-02 -5.612100e-18 3.884102e-02 0.000000e+00
9.600000e+00 3.753527e-02 -4.876578e-18 3.753654e-02 0.000000e+00
9.680000e+00 3.628907e-02 -6.038422e-18 3.629035e-02 0.000000e+00
9.760000e+00 3.509817e-02 -2.843018e-18 3.509945e-02 0.000000e+00
9.840000e+00 3.395975e-02 -4.365084e-18 3.396102e-02 0.000000e+00
9.920000e+00 3.287111e-02 -4.778031e-18 3.287239e-02 0.000000e+00
1.000000e+01 3.182971e-02 -7.021325e-18 3.183099e-02 0.000000e+00
1.008000e+01 3.083314e-02 -4.296719e-18 3.083442e-02 0.000000e+00
1.016000e+01 2.987912e-02 -6.388724e-18 2.988040e-02 0.000000e+00
1.024000e+01 2.896548e-02 -7.157734e-18 2.896676e-02 0.000000e+00
1.032000e+01 2.809017e-02 -1.050304e-17 2.809145e-02 0.000000e+00
1.040000e+01 2.725128e-02 -6.286256e-18 2.725256e-02 0.000000e+00
1.048000e+01 2.644696e-02 -9.158490e-18 2.644824e-02 0.000000e+00
1.056000e+01 2.567550e-02 -1.998472e-18 2.567678e-02 0.000000e+00
1.064000e+01 2.493525e-02 -3.733578e-18 2.493654e-02 0.000000e+00
1.072000e+01 2.422469e-02 1.896566e-19 2.422597e-02 0.000000e+00
1.080000e+01 2.354235e-02 -8.547889e-18 2.354363e-02 0.000000e+00
1.088000e+01 2.288685e-02 -6.148046e-18 2.288814e-02 0.000000e+00
1.096000e+01 2.225690e-02 -2.259479e-18 2.225819e-02 0.000000e+00
1.104000e+01 2.165127e-02 1.133646e-18 2.165256e-02 0.000000e+00
1.112000e+01 2.106879e-02 -5.737170e-18 2.107008e-02 0.000000e+00
1.120000e+01 2.050837e-02 2.954040e-18 2.050966e-02 0.000000e+00
1.128000e+01 1.996897e-02 5.238480e-19 1.997025e-02 0.000000e+00
1.136000e+01 1.944960e-02 -4.657885e-18 1.945089e-02 0.000000e+00
1.144000e+01 1.894934e-02 -5.123428e-18 1.895063e-02 0.000000e+00
1.152000e+01 1.846730e-02 1.931878e-18 1.846859e-02 0.000000e+00
1.160000e+01 1.800266e-02 -4.408068e-18 1.800395e-02 0.000000e+00
1.168000e+01 1.755463e-02 2.347580e-18 1.755592e-02 0.000000e+00
1.176000e+01 1.712246e-02 -1.980020e-18 1.712375e-02 0.000000e+00
1.184000e+01 1.670543e-02 3.388066e-18 1.670672e-02 0.000000e+00
1.192000e+01 1.630290e-02 -4.506188e-18 1.630419e-02 0.000000e+00
1.200000e+01 1.591420e-02 -3.251414e-18 1.591549e-02 0.000000e+00
1.208000e+01 1.553876e-02 -2.503205e-18 1.554005e-02 0.000000e+00
1.216000e+01 1.517598e-02 -1.090706e-17 1.517727e-02 0.000000e+00
1.224000e+01 1.482533e-02 -5.581302e-18 1.482663e-02 0.000000e+00
1.232000e+01 1.448630e-02 -3.591884e-18 1.448760e-02 0.000000e+00
1.240000e+01 1.415840e-02 -5.398733e-19 1.415969e-02 0.000000e+00
1.248000e+01 1.384116e-02 3.184243e-18 1.384245e-02 0.000000e+00
1.256000e+01 1.353413e-02 1.854111e-19 1.353543e-02 0.000000e+00
1.264000e+01 1.323691e-02 4.146103e-18 1.323820e-02 0.000000e+00
1.272000e+01 1.294908e-02 -2.112646e-18 1.295038e-02 0.000000e+00
1.280000e+01 1.267028e-02 -2.717521e-18 1.267157e-02 0.000000e+00
1.288000e+01 1.240013e-02 3.309534e-18 1.240143e-02 0.000000e+00
1.296000e+01 1.213830e-02 1.917672e-18 1.213959e-02 0.000000e+00
1.304000e+01 1.188445e-02 -4.396032e-18 1.188575e-02 0.000000e+00
1.312000e+01 1.163828e-02 3.943021e-18 1.163958e-02 0.000000e+00
1.320000e+01 1.139949e-02 2.636487e-18 1.140078e-02 0.000000e+00
1.328000e+01 1.116779e-02 2.669037e-18 1.116908e-02 0.000000e+00
1.336000e+01 1.094290e-02 -3.098220e-18 1.094420e-02 0.000000e+00
1.344000e+01 1.072459e-02 -2.676130e-18 1.072588e-02 0.000000e+00
1.352000e+01 1.051259e-02 -1.043085e-18 1.051388e-02 0.000000e+00
1.360000e+01 1.030667e-02 3.436600e-18 1.030796e-02 0.000000e+00
1.368000e+01 1.010660e-02 -5.326810e-18 1.010790e-02 0.000000e+00
1.376000e+01 9.912180e-03 3.896402e-18 9.913478e-03 0.000000e+00
1.384000e+01 9.723195e-03 -1.046561e-18 9.724493e-03 0.000000e+00
1.392000e+01 9.539450e-03 2.189469e-19 9.540748e-03 0.000000e+00
1.400000e+01 9.360757e-03 -8.505933e-18 9.362055e-03 0.000000e+00
1.408000e+01 9.186937e-03 -2.206969e-18 9.188236e-03 0.000000e+00
1.416000e+01 9.017818e-03 1.275273e-18 9.019117e-03 0.000000e+00
1.424000e+01 8.853236e-03 7.339937e-19 8.854534e-03 0.000000e+00
1.432000e+01 8.693032e-03 9.671990e-19 8.694331e-03 0.000000e+00
1.440000e+01 8.537056e-03 -2.709589e-18 8.538355e-03 0.000000e+00
1.448000e+01 8.385164e-03 -4.134736e-18 8.386463e-03 0.000000e+00
1.456000e+01 8.237216e-03 -2.816704e-18 8.238516e-03 0.000000e+00
1.464000e+01 8.093081e-03 -3.727363e-18 8.094380e-03 0.000000e+00
1.472000e+01 7.952630e-03 -5.348573e-18 7.953929e-03 0.000000e+00
1.480000e+01 7.815741e-03 -8.908120e-19 7.817040e-03 0.000000e+00
1.488000e+01 7.682297e-03 -2.029436e-18 7.683596e-03 0.000000e+00
1.496000e+01 7.552185e-03 -2.910084e-18 7.553485e-03 0.000000e+00
1.504000e+01 7.425297e-03 -4.458709e-18 7.426597e-03 0.000000e+00
1.512000e+01 7.301530e-03 -1.645619e-18 7.302829e-03 0.000000e+00
1.520000e+01 7.180782e-03 -1.922451e-18 7.182082e-03 0.000000e+00
1.528000e+01 7.062960e-03 -7.209110e-18 7.064260e-03 0.000000e+00
1.536000e+01 6.947969e-03 -1.500043e-18 6.949269e-03 0.000000e+00
1.544000e+01 6.835722e-03 -3.001555e-18 6.837022e-03 0.000000e+00
1.552000e+01 6.726134e-03 -2.042028e-18 6.727434e-03 0.000000e+00
1.560000e+01 6.619122e-03 -8.109099e-18 6.620422e-03 0.000000e+00
1.568000e+01 6.514607e-03 -3.551421e-19 6.515907e-03 0.000000e+00
1.576000e+01 6.412514e-03 -3.760492e-18 6.413814e-03 0.000000e+00
1.584000e+01 6.312769e-03 -3.787549e-18 6.314069e-03 0.000000e+00
1.592000e+01 6.215302e-03 -6.689658e-18 6.216601e-03 0.000000e+00
1.600000e+01 6.120044e-03 -6.868391e-18 6.121344e-03 0.000000e+00
1.608000e+01 6.026931e-03 -3.308831e-19 6.028231e-03 0.000000e+00
1.616000e+01 5.935900e-03 -2.343606e-18 5.937199e-03 0.000000e+00
1.624000e+01 5.846889e-03 -7.977244e-18 5.848189e-03 0.000000e+00
1.632000e+01 5.759840e-03 -5.689898e-18 5.761140e-03 0.000000e+00
1.640000e+01 5.674697e-03 -7.911430e-18 5.675997e-03 0.000000e+00
1.648000e+01 5.591405e-03 -6.752299e-18 5.592704e-03 0.000000e+00
1.656000e+01 5.509912e-03 -7.899338e-18 5.511211e-03 0.000000e+00
1.664000e+01 5.430166e-03 -9.244667e-18 5.431464e-03 0.000000e+00
1.672000e+01 5.352118e-03 -6.701370e-18 5.353417e-03 0.000000e+00
1.680000e+01 5.275722e-03 -2.611720e-18 5.277021e-03 0.000000e+00
1.688000e+01 5.200932e-03 -1.046748e-17 5.202230e-03 0.000000e+00
1.696000e+01 5.127703e-03 -2.186021e-18 5.129001e-03 0.000000e+00
1.704000e+01 5.055992e-03 -1.056941e-17 5.057290e-03 0.000000e+00
1.712000e+01 4.985760e-03 -6.893636e-18 4.987057e-03 0.000000e+00
1.720000e+01 4.916964e-03 -8.469138e-18 4.918262e-03 0.000000e+00
1.728000e+01 4.849568e-03 -3.526478e-18 4.850865e-03 0.000000e+00
1.736000e+01 4.783534e-03 -5.065383e-18 4.784830e-03 0.000000e+00
1.744000e+01 4.718825e-03 -1.065304e-17 4.720121e-03 0.000000e+00
1.752000e+01 4.655407e-03 -2.442824e-18 4.656703e-03 0.000000e+00
1.760000e+01 4.593246e-03 -8.771932e-18 4.594542e-03 0.000000e+00
1.768000e+01 4.532310e-03 -7.414066e-18 4.533606e-03 0.000000e+00
1.776000e+01 4.472566e-03 -5.538536e-18 4.473862e-03 0.000000e+00
1.784000e+01 4.413985e-03 -5.136124e-18 4.415280e-03 0.000000e+00
1.792000e+01 4.356536e-03 -1.183674e-17 4.357831e-03 0.000000e+00
1.800000e+01 4.300191e-03 3.485885e-19 4.301485e-03 0.000000e+00
1.808000e+01 4.244921e-03 -7.027258e-18 4.246215e-03 0.000000e+00
1.816000e+01 4.190701e-03 -5.813649e-18 4.191995e-03 0.000000e+00
1.824000e+01 4.137504e-03 -7.098758e-18 4.138797e-03 0.000000e+00
1.832000e+01 4.085304e-03 -8.388574e-18 4.086596e-03 0.000000e+00
1.840000e+01 4.034076e-03 -2.205022e-18 4.035369e-03 0.000000e+00
1.848000e+01 3.983798e-03 -5.860339e-18 3.985090e-03 0.000000e+00
1.856000e+01 3.934446e-03 -2.698686e-18 3.935738e-03 0.000000e+00
1.864000e+01 3.885998e-03 -2.727061e-18 3.887289e-03 0.000000e+00
1.872000e+01 3.838431e-03 -6.184670e-18 3.839722e-03 0.000000e+00
1.880000e+01 3.791726e-03 -6.879287e-18 3.793016e-03 0.000000e+00
1.888000e+01 3.745860e-03 -2.919675e-18 3.747150e-03 0.000000e+00
1.896000e+01 3.700815e-03 -2.970916e-18 3.702104e-03 0.000000e+00
1.904000e+01 3.656571e-03 -8.423444e-19 3.657860e-03 0.000000e+00
1.912000e+01 3.613110e-03 -2.659474e-18 3.614398e-03 0.000000e+00
1.920000e+01 3.570412e-03 -1.074944e-18 3.571700e-03 0.000000e+00
1.928000e+01 3.528461e-03 1.460330e-19 3.529748e-03 0.000000e+00
1.936000e+01 3.487240e-03 8.384179e-19 3.488526e-03 0.000000e+00
1.944000e+01 3.446731e-03 -4.490891e-18 3.448017e-03 0.000000e+00
1.952000e+01 3.406918e-03 1.402668e-18 3.408204e-03 0.000000e+00
1.960000e+01 3.367787e-03 -1.826983e-18 3.369072e-03 0.000000e+00
1.968000e+01 3.329320e-03 -8.583024e-19 3.330605e-03 0.000000e+00
1.976000e+01 3.291504e-03 -1.820613e-18 3.292788e-03 0.000000e+00
1.984000e+01 3.254325e-03 -3.165803e-18 3.255608e-03 0.000000e+00
1.992000e+01 3.217767e-03 -3.137134e-18 3.219049e-03 0.000000e+00
2.000000e+01 3.181817e-03 -2.420208e-18 3.183099e-03 0.000000e+00
2.008000e+01 3.146462e-03 -3.870964e-18 3.147743e-03 0.000000e+00
2.016000e+01 3.111689e-03 -5.747941e-18 3.112970e-03 0.000000e+00
2.024000e+01 3.077486e-03 -2.333939e-18 3.078766e-03 0.000000e+00
2.032000e+01 3.043839e-03 6.640970e-18 3.045118e-03 0.000000e+00
2.040000e+01 3.010738e-03 -4.469547e-18 3.012016e-03 0.000000e+00
2.048000e+01 2.978170e-03 -2.487355e-19 2.979448e-03 0.000000e+00
2.056000e+01 2.946124e-03 1.233987e-18 2.947401e-03 0.000000e+00
2.064000e+01 2.914589e-03 -6.450470e-18 2.915866e-03 0.000000e+00
2.072000e+01 2.883554e-03 -4.325108e-18 2.884830e-03 0.000000e+00
2.080000e+01 2.853010e-03 3.944143e-18 2.854285e-03 0.000000e+00
2.088000e+01 2.822945e-03 3.541424e-18 2.824220e-03 0.000000e+00
2.096000e+01 2.793350e-03 5.941687e-18 2.794624e-03 0.000000e+00
2.104000e+01 2.764215e-03 3.382372e-18 2.765488e-03 0.000000e+00
2.112000e+01 2.735530e-03 1.553730e-19 2.736803e-03 0.000000e+00
2.120000e+01 2.707288e-03 9.923173e-18 2.708559e-03 0.000000e+00
2.128000e+01 2.679477e-03 -1.432378e-18 2.680748e-03 0.000000e+00
2.136000e+01 2.652090e-03 2.877225e-18 2.653361e-03 0.000000e+00
2.144000e+01 2.625119e-03 -3.427187e-18 2.626389e-03 0.000000e+00
2.152000e+01 2.598554e-03 1.122793e-18 2.599823e-03 0.000000e+00
2.160000e+01 2.572389e-03 -7.718205e-18 2.573657e-03 0.000000e+00
2.168000e+01 2.546614e-03 -1.277911e-17 2.547881e-03 0.000000e+00
2.176000e+01 2.521223e-03 -9.402624e-19 2.522489e-03 0.000000e+00
2.184000e+01 2.496207e-03 -5.611058e-18 2.497473e-03 0.000000e+00
2.192000e+01 2.471559e-03 -4.427624e-18 2.472825e-03 0.000000e+00
2.200000e+01 2.447273e-03 -9.977473e-19 2.448538e-03 0.000000e+00
2.208000e+01 2.423341e-03 -2.020237e-18 2.424605e-03 0.000000e+00
2.216000e+01 2.399757e-03 -4.551697e-18 2.401020e-03 0.000000e+00
2.224000e+01 2.376513e-03 7.175009e-18 2.377775e-03 0.000000e+00
2.232000e+01 2.353603e-03 -3.658858e-18 2.354865e-03 0.000000e+00
2.240000e+01 2.331022e-03 5.796311e-18 2.332282e-03 0.000000e+00
2.248000e+01 2.308762e-03 -5.462857e-19 2.310022e-03 0.000000e+00
2.256000e+01 2.286818e-03 1.098724e-18 2.288077e-03 0.000000e+00
2.264000e+01 2.265183e-03 -3.313934e-18 2.266441e-03 0.000000e+00
2.272000e+01 2.243852e-03 6.855634e-18 2.245110e-03 0.000000e+00
2.280000e+01 2.222820e-03 1.316883e-18 2.224077e-03 0.000000e+00
2.288000e+01 2.202081e-03 2.271872e-18 2.203337e-03 0.000000e+00
2.296000e+01 2.181629e-03 -2.865372e-18 2.182884e-03 0.000000e+00
2.304000e+01 2.161459e-03 -5.605921e-18 2.162713e-03 0.000000e+00
2.312000e+01 2.141566e-03 6.754230e-19 2.142820e-03 0.000000e+00
2.320000e+01 2.121945e-03 -3.180792e-18 2.123198e-03 0.000000e+00
2.328000e+01 2.102591e-03 -7.488241e-18 2.103844e-03 0.000000e+00
2.336000e+01 2.083500e-03 -7.023126e-18 2.084752e-03 0.000000e+00
2.344000e+01 2.064666e-03 -5.317278e-18 2.065917e-03 0.000000e+00
2.352000e+01 2.046085e-03 4.461407e-18 2.047335e-03 0.000000e+00
2.360000e+01 2.027753e-03 -3.166349e-18 2.029002e-03 0.000000e+00
2.368000e+01 2.009664e-03 -7.503125e-19 2.010913e-03 0.000000e+00
2.376000e+01 1.991816e-03 2.432395e-18 1.993064e-03 0.000000e+00
2.384000e+01 1.974203e-03 -1.498107e-18 1.975451e-03 0.000000e+00
2.392000e+01 1.956821e-03 -8.996991e-18 1.958069e-03 0.000000e+00
2.400000e+01 1.939667e-03 -2.614840e-19 1.940914e-03 0.000000e+00
2.408000e+01 1.922737e-03 -3.630285e-18 1.923983e-03 0.000000e+00
2.416000e+01 1.906026e-03 1.008636e-18 1.907272e-03 0.000000e+00
2.424000e+01 1.889531e-03 -3.716251e-18 1.890776e-03 0.000000e+00
2.432000e+01 1.873248e-03 -2.473835e-18 1.874493e-03 0.000000e+00
2.440000e+01 1.857174e-03 3.667631e-18 1.858418e-03 0.000000e+00
2.448000e+01 1.841305e-03 2.005083e-18 1.842549e-03 0.000000e+00
2.456000e+01 1.825638e-03 -6.239197e-18 1.826881e-03 0.000000e+00
2.464000e+01 1.810168e-03 -6.584035e-18 1.811411e-03 0.000000e+00
2.472000e+01 1.794894e-03 -3.194720e-18 1.796137e-03 0.000000e+00
2.480000e+01 1.779811e-03 -5.916792e-18 1.781054e-03 0.000000e+00
2.488000e+01 1.764917e-03 -8.204935e-18 1.766159e-03 0.000000e+00
2.496000e+01 1.750208e-03 -6.301243e-18 1.751450e-03 0.000000e+00
2.504000e+01 1.735681e-03 -8.684207e-19 1.736923e-03 0.000000e+00
2.512000e+01 1.721334e-03 4.137076e-18 1.722575e-03 0.000000e+00
2.520000e+01 1.707163e-03 -3.716787e-18 1.708404e-03 0.000000e+00
2.528000e+01 1.693165e-03 -4.988420e-18 1.694407e-03 0.000000e+00
2.536000e+01 1.679339e-03 -3.787106e-18 1.680580e-03 0.000000e+00
2.544000e+01 1.665680e-03 2.582137e-18 1.666921e-03 0.000000e+00
2.552000e+01 1.652186e-03 -9.287731e-19 1.653427e-03 0.000000e+00
2.560000e+01 1.638855e-03 -3.177803e-18 1.640096e-03 0.000000e+00
2.568000e+01 1.625684e-03 3.568937e-18 1.626925e-03 0.000000e+00
2.576000e+01 1.612670e-03 -8.790606e-19 1.613912e-03 0.000000e+00
2.584000e+01 1.599811e-03 -6.010494e-18 1.601053e-03 0.000000e+00
2.592000e+01 1.587105e-03 -2.764169e-18 1.588347e-03 0.000000e+00
2.600000e+01 1.574548e-03 -4.277478e-18 1.575792e-03 0.000000e+00
2.608000e+01 1.562140e-03 -4.196909e-18 1.563384e-03 0.000000e+00
2.616000e+01 1.549877e-03 -4.299530e-18 1.551121e-03 0.000000e+00
2.624000e+01 1.537757e-03 -6.353366e-18 1.539002e-03 0.000000e+00
2.632000e+01 1.525778e-03 3.758757e-18 1.527024e-03 0.000000e+00
2.640000e+01 1.513937e-03 -1.142536e-18 1.515184e-03 0.000000e+00
2.648000e+01 1.502234e-03 -9.204936e-18 1.503481e-03 0.000000e+00
2.656000e+01 1.490665e-03 -2.578743e-18 1.491913e-03 0.000000e+00
2.664000e+01 1.479228e-03 -3.078926e-18 1.480478e-03 0.000000e+00
2.672000e+01 1.467922e-03 -2.529713e-18 1.469173e-03 0.000000e+00
2.680000e+01 1.456744e-03 1.545291e-18 1.457997e-03 0.000000e+00
2.688000e+01 1.445693e-03 1.659778e-18 1.446947e-03 0.000000e+00
2.696000e+01 1.434767e-03 1.134610e-18 1.436022e-03 0.000000e+00
2.704000e+01 1.423963e-03 2.998743e-18 1.425220e-03 0.000000e+00
2.712000e+01 1.413280e-03 5.661394e-19 1.414540e-03 0.000000e+00
2.720000e+01 1.402717e-03 8.975254e-19 1.403978e-03 0.000000e+00
2.728000e+01 1.392271e-03 -1.835944e-18 1.393534e-03 0.000000e+00
2.736000e+01 1.381940e-03 -4.082471e-18 1.383205e-03 0.000000e+00
2.744000e+01 1.371723e-03 -2.678031e-18 1.372991e-03 0.000000e+00
2.752000e+01 1.361619e-03 1.749251e-18 1.362889e-03 0.000000e+00
2.760000e+01 1.351625e-03 4.575222e-18 1.352898e-03 0.000000e+00
2.768000e+01 1.341740e-03 2.254464e-18 1.343016e-03 0.000000e+00
2.776000e+01 1.331963e-03 -4.877459e-18 1.333242e-03 0.000000e+00
2.784000e+01 1.322291e-03 5.588563e-18 1.323573e-03 0.000000e+00
2.792000e+01 1.312724e-03 1.814561e-18 1.314010e-03 0.000000e+00
2.800000e+01 1.303259e-03 1.519326e-18 1.304549e-03 0.000000e+00
2.808000e+01 1.293896e-03 1.722963e-18 1.295189e-03 0.000000e+00
2.816000e+01 1.284633e-03 2.106383e-18 1.285930e-03 0.000000e+00
2.824000e+01 1.275468e-03 8.059299e-18 1.276770e-03 0.000000e+00
2.832000e+01 1.266400e-03 4.750930e-18 1.267706e-03 0.000000e+00
2.840000e+01 1.257428e-03 1.586812e-19 1.258739e-03 0.000000e+00
2.848000e+01 1.248550e-03 -4.732153e-18 1.249866e-03 0.000000e+00
2.856000e+01 1.239765e-03 -2.773714e-18 1.241086e-03 0.000000e+00
2.864000e+01 1.231072e-03 -3.944622e-19 1.232399e-03 0.000000e+00
2.872000e+01 1.222469e-03 -1.334294e-18 1.223802e-03 0.000000e+00
2.880000e+01 1.213955e-03 5.625293e-18 1.215294e-03 0.000000e+00
2.888000e+01 1.205529e-03 -1.224107e-18 1.206875e-03 0.000000e+00
2.896000e+01 1.197190e-03 -2.102241e-18 1.198543e-03 0.000000e+00
2.904000e+01 1.188936e-03 3.018348e-19 1.190296e-03 0.000000e+00
2.912000e+01 1.180767e-03 1.221582e-18 1.182134e-03 0.000000e+00
2.920000e+01 1.172681e-03 -2.840907e-18 1.174055e-03 0.000000e+00
2.928000e+01 1.164676e-03 -2.417213e-19 1.166059e-03 0.000000e+00
2.936000e+01 1.156752e-03 1.827620e-18 1.158144e-03 0.000000e+00
2.944000e+01 1.148909e-03 3.452281e-18 1.150309e-03 0.000000e+00
2.952000e+01 1.141143e-03 5.260439e-18 1.142553e-03 0.000000e+00
2.960000e+01 1.133455e-03 -9.167421e-18 1.134876e-03 0.000000e+00
2.968000e+01 1.125844e-03 6.186754e-19 1.127275e-03 0.000000e+00
2.976000e+01 1.118308e-03 6.297049e-18 1.119750e-03 0.000000e+00
2.984000e+01 1.110847e-03 -1.026018e-18 1.112300e-03 0.000000e+00
2.992000e+01 1.103459e-03 -2.733518e-19 1.104923e-03 0.000000e+00
3.000000e+01 1.096143e-03 5.055458e-18 1.097620e-03 0.000000e+00
3.008000e+01 1.088899e-03 3.806504e-18 1.090389e-03 0.000000e+00
3.016000e+01 1.081725e-03 -4.246582e-18 1.083229e-03 0.000000e+00
3.024000e+01 1.074621e-03 -3.414769e-18 1.076139e-03 0.000000e+00
3.032000e+01 1.067585e-03 2.427998e-18 1.069118e-03 0.000000e+00
3.040000e+01 1.060617e-03 3.842820e-19 1.062166e-03 0.000000e+00
3.048000e+01 1.053716e-03 -2.256107e-18 1.055281e-03 0.000000e+00
3.056000e+01 1.046881e-03 1.535510e-18 1.048463e-03 0.000000e+00
3.064000e+01 1.040110e-03 -2.825393e-18 1.041710e-03 0.000000e+00
3.072000e+01 1.033404e-03 9.119375e-19 1.035022e-03 0.000000e+00
3.080000e+01 1.026760e-03 3.378317e-18 1.028398e-03 0.000000e+00
3.088000e+01 1.020179e-03 -8.680969e-19 1.021838e-03 0.000000e+00
3.096000e+01 1.013660e-03 4.611371e-18 1.015340e-03 0.000000e+00
3.104000e+01 1.007201e-03 -1.722955e-18 1.008904e-03 0.000000e+00
3.112000e+01 1.000803e-03 1.627128e-18 1.002528e-03 0.000000e+00
3.120000e+01 9.944627e-04 -4.579530e-18 9.962127e-04 0.000000e+00
3.128000e+01 9.881812e-04 5.501304e-18 9.899567e-04 0.000000e+00
3.136000e+01 9.819572e-04 -5.376758e-19 9.837593e-04 0.000000e+00
3.144000e+01 9.757898e-04 2.832872e-18 9.776198e-04 0.000000e+00
3.152000e+01 9.696783e-04 -3.154126e-19 9.715375e-04 0.000000e+00
3.160000e+01 9.636219e-04 1.070730e-18 9.655117e-04 0.000000e+00
3.168000e+01 9.576200e-04 7.929951e-19 9.595416e-04 0.000000e+00
3.176000e+01 9.516716e-04 1.399358e-18 9.536266e-04 0.000000e+00
3.184000e+01 9.457761e-04 8.757677e-18 9.477661e-04 0.000000e+00
3.192000e+01 9.399328e-04 2.936870e-18 9.419593e-04 0.000000e+00
3.200000e+01 9.341409e-04 5.367915e-18 9.362055e-04 0.000000e+00
3.208000e+01 9.283996e-04 5.027229e-18 9.305043e-04 0.000000e+00
3.216000e+01 9.227083e-04 1.907155e-18 9.248549e-04 0.000000e+00
3.224000e+01 9.170662e-04 -1.865984e-19 9.192566e-04 0.000000e+00
3.232000e+01 9.114727e-04 -3.901581e-19 9.137090e-04 0.000000e+00
3.240000e+01 9.059269e-04 2.539579e-18 9.082113e-04 0.000000e+00
3.248000e+01 9.004283e-04 4.659572e-18 9.027630e-04 0.000000e+00
3.256000e+01 8.949760e-04 3.609970e-18 8.973634e-04 0.000000e+00
3.264000e+01 8.895694e-04 1.242628e-18 8.920121e-04 0.000000e+00
3.272000e+01 8.842078e-04 1.618856e-17 8.867084e-04 0.000000e+00
3.280000e+01 8.788904e-04 6.027708e-18 8.814518e-04 0.000000e+00
3.288000e+01 8.736166e-04 5.605458e-18 8.762417e-04 0.000000e+00
3.296000e+01 8.683856e-04 6.504527e-18 8.710776e-04 0.000000e+00
3.304000e+01 8.631968e-04 1.862226e-18 8.659590e-04 0.000000e+00
3.312000e+01 8.580494e-04 5.994600e-18 8.608852e-04 0.000000e+00
3.320000e+01 8.529428e-04 1.420243e-17 8.558558e-04 0.000000e+00
3.328000e+01 8.478760e-04 6.368444e-18 8.508703e-04 0.000000e+00
3.336000e+01 8.428486e-04 2.955650e-18 8.459281e-04 0.000000e+00
3.344000e+01 8.378596e-04 6.444402e-18 8.410288e-04 0.000000e+00
3.352000e+01 8.329084e-04 1.194791e-17 8.361718e-04 0.000000e+00
3.360000e+01 8.279941e-04 6.294687e-18 8.313568e-04 0.000000e+00
3.368000e+01 8.231161e-04 4.804028e-18 8.265831e-04 0.000000e+00
3.376000e+01 8.182735e-04 8.117927e-18 8.218504e-04 0.000000e+00
3.384000e+01 8.134654e-04 5.958587e-18 8.171581e-04 0.000000e+00
3.392000e+01 8.086911e-04 6.290854e-18 8.125058e-04 0.000000e+00
3.400000e+01 8.039498e-04 7.338303e-18 8.078931e-04 0.000000e+00
3.408000e+01 7.992405e-04 1.099481e-17 8.033195e-04 0.000000e+00
3.416000e+01 7.945623e-04 6.931710e-18 7.987845e-04 0.000000e+00
3.424000e+01 7.899143e-04 3.245091e-18 7.942878e-04 0.000000e+00
3.432000e+01 7.852955e-04 3.828874e-18 7.898289e-04 0.000000e+00
3.440000e+01 7.807050e-04 5.854801e-18 7.854073e-04 0.000000e+00
3.448000e+01 7.761415e-04 5.558163e-18 7.810228e-04 0.000000e+00
3.456000e+01 7.716041e-04 4.559137e-18 7.766747e-04 0.000000e+00
3.464000e+01 7.670916e-04 6.129341e-18 7.723629e-04 0.000000e+00
3.472000e+01 7.626028e-04 6.765243e-18 7.680867e-04 0.000000e+00
3.480000e+01 7.581363e-04 1.270786e-17 7.638460e-04 0.000000e+00
3.488000e+01 7.536907e-04 8.872950e-18 7.596402e-04 0.000000e+00
3.496000e+01 7.492647e-04 9.901409e-18 7.554689e-04 0.000000e+00
3.504000e+01 7.448567e-04 8.673837e-18 7.513319e-04 0.000000e+00
3.512000e+01 7.404649e-04 1.008491e-17 7.472288e-04 0.000000e+00
3.520000e+01 7.360877e-04 5.748623e-18 7.431591e-04 0.000000e+00
3.528000e+01 7.317230e-04 9.831409e-18 7.391225e-04 0.000000e+00
3.536000e+01 7.273688e-04 1.039148e-17 7.351186e-04 0.000000e+00
3.544000e+01 7.230229e-04 8.680195e-18 7.311472e-04 0.000000e+00
3.552000e+01 7.186828e-04 1.064504e-17 7.272078e-04 0.000000e+00
3.560000e+01 7.143458e-04 2.759242e-18 7.233001e-04 0.000000e+00
3.568000e+01 7.100091e-04 8.415961e-18 7.194237e-04 0.000000e+00
3.576000e+01 7.056694e-04 1.074204e-17 7.155784e-04 0.000000e+00
3.584000e+01 7.013233e-04 6.503657e-18 7.117638e-04 0.000000e+00
3.592000e+01 6.969669e-04 1.908645e-17 7.079796e-04 0.000000e+00
3.600000e+01 6.925959e-04 1.312083e-17 7.042254e-04 0.000000e+00
3.608000e+01 6.882058e-04 1.178876e-17 7.005010e-04 0.000000e+00
3.616000e+01 6.837914e-04 4.081211e-18 6.968060e-04 0.000000e+00
3.624000e+01 6.793469e-04 7.609908e-18 6.931401e-04 0.000000e+00
3.632000e+01 6.748661e-04 7.173732e-18 6.895030e-04 0.000000e+00
3.640000e+01 6.703420e-04 1.554437e-17 6.858944e-04 0.000000e+00
3.648000e+01 6.657669e-04 7.382828e-18 6.823141e-04 0.000000e+00
3.656000e+01 6.611324e-04 1.131515e-17 6.787616e-04 0.000000e+00
3.664000e+01 6.564292e-04 5.785211e-18 6.752368e-04 0.000000e+00
3.672000e+01 6.516472e-04 1.287116e-17 6.717394e-04 0.000000e+00
3.680000e+01 6.467757e-04 5.931990e-18 6.682690e-04 0.000000e+00
3.688000e+01 6.418029e-04 6.498059e-18 6.648254e-04 0.000000e+00
3.696000e+01 6.367167e-04 8.188351e-18 6.614083e-04 0.000000e+00
3.704000e+01 6.315047e-04 8.088050e-18 6.580174e-04 0.000000e+00
3.712000e+01 6.261547e-04 6.911171e-18 6.546526e-04 0.000000e+00
3.720000e+01 6.206552e-04 5.502961e-18 6.513134e-04 0.000000e+00
3.728000e+01 6.149968e-04 6.294111e-18 6.479997e-04 0.000000e+00
3.736000e+01 6.091726e-04 4.476190e-18 6.447112e-04 0.000000e+00
3.744000e+01 6.031806e-04 2.221945e-18 6.414476e-04 0.000000e+00
3.752000e+01 5.970245e-04 -5.748633e-19 6.382087e-04 0.000000e+00
3.760000e+01 5.907161e-04 1.048350e-17 6.349942e-04 0.000000e+00
3.768000e+01 5.842763e-04 8.722235e-18 6.318039e-04 0.000000e+00
3.776000e+01 5.777361e-04 5.746039e-18 6.286376e-04 0.000000e+00
3.784000e+01 5.711362e-04 4.504949e-18 6.254950e-04 0.000000e+00
3.792000e+01 5.645256e-04 2.361506e-18 6.223758e-04 0.000000e+00
3.800000e+01 5.579587e-04 6.988146e-18 6.192799e-04 0.000000e+00
3.808000e+01 5.514911e-04 5.736565e-18 6.162071e-04 0.000000e+00
3.816000e+01 5.451760e-04 8.689722e-18 6.131570e-04 0.000000e+00
3.824000e+01 5.390598e-04 2.225549e-18 6.101294e-04 0.000000e+00
3.832000e+01 5.331799e-04 6.447436e-18 6.071242e-04 0.000000e+00
3.840000e+01 5.275629e-04 -4.127944e-18 6.041411e-04 0.000000e+00
3.848000e+01 5.222251e-04 6.897237e-18 6.011800e-04 0.000000e+00
3.856000e+01 5.171730e-04 6.414034e-18 5.982405e-04 0.000000e+00
3.864000e+01 5.124053e-04 1.174658e-18 5.953225e-04 0.000000e+00
3.872000e+01 5.079146e-04 5.563853e-18 5.924258e-04 0.000000e+00
3.880000e+01 5.036892e-04 -4.897720e-18 5.895501e-04 0.000000e+00
3.888000e+01 4.997147e-04 4.859051e-18 5.866953e-04 0.000000e+00
3.896000e+01 4.959753e-04 1.833082e-18 5.838611e-04 0.000000e+00
3.904000e+01 4.924547e-04 4.380020e-18 5.810475e-04 0.000000e+00
3.912000e+01 4.891365e-04 6.630621e-18 5.782540e-04 0.000000e+00
3.920000e+01 4.860052e-04 1.513757e-18 5.754807e-04 0.000000e+00
3.928000e+01 4.830460e-04 3.816898e-19 5.727272e-04 0.000000e+00
3.936000e+01 4.802452e-04 -3.656385e-18 5.699935e-04 0.000000e+00
3.944000e+01 4.775900e-04 7.920235e-18 5.672792e-04 0.000000e+00
3.952000e+01 4.750690e-04 5.403651e-18 5.645842e-04 0.000000e+00
3.960000e+01 4.726716e-04 1.676377e-18 5.619084e-04 0.000000e+00
3.968000e+01 4.703882e-04 -1.767468e-18 5.592516e-04 0.000000e+00
3.976000e+01 4.682102e-04 6.374319e-18 5.566135e-04 0.000000e+00
3.984000e+01 4.661298e-04 -5.352888e-18 5.539940e-04 0.000000e+00
3.992000e+01 4.641398e-04 1.411011e-19 5.513929e-04 0.000000e+00
