# "w" "numerical(real, imag)" "exact(real, imag)"
-1.000000e+01 6.872932e-03 -1.104012e-18 6.121344e-03 0.000000e+00
-9.980000e+00 6.873154e-03 1.333287e-18 6.144955e-03 0.000000e+00
-9.960000e+00 6.873712e-03 -4.318506e-19 6.168701e-03 0.000000e+00
-9.940000e+00 6.874604e-03 -1.554614e-19 6.192582e-03 0.000000e+00
-9.920000e+00 6.875832e-03 2.750630e-20 6.216601e-03 0.000000e+00
-9.900000e+00 6.877396e-03 9.345066e-18 6.240758e-03 0.000000e+00
-9.880000e+00 6.879296e-03 -3.882117e-18 6.265055e-03 0.000000e+00
-9.860000e+00 6.881533e-03 -5.657464e-18 6.289491e-03 0.000000e+00
-9.840000e+00 6.884108e-03 2.419559e-18 6.314069e-03 0.000000e+00
-9.820000e+00 6.887022e-03 6.983207e-19 6.338789e-03 0.000000e+00
-9.800000e+00 6.890275e-03 -1.760036e-19 6.363652e-03 0.000000e+00
-9.780000e+00 6.893869e-03 -2.371574e-18 6.388660e-03 0.000000e+00
-9.760000e+00 6.897805e-03 -2.046446e-18 6.413814e-03 0.000000e+00
-9.740000e+00 6.902084e-03 6.098528e-18 6.439114e-03 0.000000e+00
-9.720000e+00 6.906708e-03 -3.550704e-18 6.464563e-03 0.000000e+00
-9.700000e+00 6.911678e-03 -2.683384e-18 6.490160e-03 0.000000e+00
-9.680000e+00 6.916996e-03 -1.707939e-18 6.515907e-03 0.000000e+00
-9.660000e+00 6.922664e-03 1.558377e-18 6.541806e-03 0.000000e+00
-9.640000e+00 6.928683e-03 -3.239217e-18 6.567857e-03 0.000000e+00
-9.620000e+00 6.935056e-03 -1.504551e-18 6.594062e-03 0.000000e+00
-9.600000e+00 6.941785e-03 -2.399097e-18 6.620422e-03 0.000000e+00
-9.580000e+00 6.948871e-03 5.651058e-18 6.646938e-03 0.000000e+00
-9.560000e+00 6.956319e-03 -4.987675e-18 6.673611e-03 0.000000e+00
-9.540000e+00 6.964129e-03 -8.904510e-18 6.700443e-03 0.000000e+00
-9.520000e+00 6.972305e-03 -2.399290e-18 6.727434e-03 0.000000e+00
-9.500000e+00 6.980849e-03 4.553135e-18 6.754586e-03 0.000000e+00
-9.480000e+00 6.989765e-03 -2.172702e-19 6.781901e-03 0.000000e+00
-9.460000e+00 6.999054e-03 -5.868697e-18 6.809379e-03 0.000000e+00
-9.440000e+00 7.008722e-03 -2.398945e-18 6.837022e-03 0.000000e+00
-9.420000e+00 7.018770e-03 3.442249e-18 6.864832e-03 0.000000e+00
-9.400000e+00 7.029202e-03 -6.328990e-18 6.892808e-03 0.000000e+00
-9.380000e+00 7.040022e-03 -2.642623e-18 6.920954e-03 0.000000e+00
-9.360000e+00 7.051233e-03 -6.071337e-18 6.949269e-03 0.000000e+00
-9.340000e+00 7.062839e-03 -2.425724e-18 6.977756e-03 0.000000e+00
-9.320000e+00 7.074844e-03 -3.903145e-18 7.006416e-03 0.000000e+00
-9.300000e+00 7.087253e-03 -2.453067e-18 7.035250e-03 0.000000e+00
-9.280000e+00 7.100069e-03 8.539226e-19 7.064260e-03 0.000000e+00
-9.260000e+00 7.113296e-03 9.527357e-18 7.093446e-03 0.000000e+00
-9.240000e+00 7.126939e-03 -6.112270e-18 7.122811e-03 0.000000e+00
-9.220000e+00 7.141004e-03 -5.712399e-18 7.152356e-03 0.000000e+00
-9.200000e+00 7.155493e-03 -3.294991e-18 7.182082e-03 0.000000e+00
-9.180000e+00 7.170413e-03 -2.095268e-18 7.211991e-03 0.000000e+00
-9.160000e+00 7.185768e-03 2.348956e-18 7.242084e-03 0.000000e+00
-9.140000e+00 7.201563e-03 2.926349e-18 7.272363e-03 0.000000e+00
-9.120000e+00 7.217804e-03 3.726961e-18 7.302829e-03 0.000000e+00
-9.100000e+00 7.234496e-03 1.398335e-17 7.333484e-03 0.000000e+00
-9.080000e+00 7.251644e-03 -4.461374e-18 7.364329e-03 0.000000e+00
-9.060000e+00 7.269253e-03 -4.877069e-18 7.395367e-03 0.000000e+00
-9.040000e+00 7.287331e-03 7.395486e-19 7.426597e-03 0.000000e+00
-9.020000e+00 7.305881e-03 -1.822493e-18 7.458022e-03 0.000000e+00
-9.000000e+00 7.324910e-03 -2.005561e-19 7.489644e-03 0.000000e+00
-8.980000e+00 7.344425e-03 -1.787364e-18 7.521465e-03 0.000000e+00
-8.960000e+00 7.364430e-03 -5.424462e-18 7.553485e-03 0.000000e+00
-8.940000e+00 7.384933e-03 -6.797534e-19 7.585706e-03 0.000000e+00
-8.920000e+00 7.405939e-03 -7.085827e-18 7.618131e-03 0.000000e+00
-8.900000e+00 7.427454e-03 -1.070924e-17 7.650760e-03 0.000000e+00
-8.880000e+00 7.449485e-03 4.003514e-18 7.683596e-03 0.000000e+00
-8.860000e+00 7.472038e-03 -3.338069e-18 7.716641e-03 0.000000e+00
-8.840000e+00 7.495118e-03 -2.647040e-18 7.749895e-03 0.000000e+00
-8.820000e+00 7.518734e-03 -3.059553e-18 7.783361e-03 0.000000e+00
-8.800000e+00 7.542889e-03 -3.288374e-18 7.817040e-03 0.000000e+00
-8.780000e+00 7.567592e-03 1.415897e-18 7.850935e-03 0.000000e+00
-8.760000e+00 7.592847e-03 -4.987673e-18 7.885047e-03 0.000000e+00
-8.740000e+00 7.618661e-03 -1.290973e-17 7.919378e-03 0.000000e+00
-8.720000e+00 7.645040e-03 -4.309747e-18 7.953929e-03 0.000000e+00
-8.700000e+00 7.671989e-03 5.022167e-18 7.988703e-03 0.000000e+00
-8.680000e+00 7.699514e-03 5.962572e-18 8.023702e-03 0.000000e+00
-8.660000e+00 7.727621e-03 -9.968785e-18 8.058927e-03 0.000000e+00
-8.640000e+00 7.756315e-03 -7.552276e-18 8.094380e-03 0.000000e+00
-8.620000e+00 7.785600e-03 2.246184e-18 8.130064e-03 0.000000e+00
-8.600000e+00 7.815482e-03 -5.675793e-18 8.165980e-03 0.000000e+00
-8.580000e+00 7.845965e-03 -6.312292e-18 8.202130e-03 0.000000e+00
-8.560000e+00 7.877052e-03 -1.715178e-18 8.238516e-03 0.000000e+00
-8.540000e+00 7.908749e-03 -7.484583e-18 8.275140e-03 0.000000e+00
-8.520000e+00 7.941057e-03 -2.070768e-18 8.312005e-03 0.000000e+00
-8.500000e+00 7.973980e-03 4.663921e-19 8.349112e-03 0.000000e+00
-8.480000e+00 8.007520e-03 -5.418439e-18 8.386463e-03 0.000000e+00
-8.460000e+00 8.041679e-03 1.058813e-17 8.424061e-03 0.000000e+00
-8.440000e+00 8.076458e-03 -8.759054e-18 8.461908e-03 0.000000e+00
-8.420000e+00 8.111860e-03 -3.084046e-18 8.500005e-03 0.000000e+00
-8.400000e+00 8.147882e-03 -6.619115e-18 8.538355e-03 0.000000e+00
-8.380000e+00 8.184526e-03 -1.078029e-18 8.576961e-03 0.000000e+00
-8.360000e+00 8.221790e-03 7.582013e-18 8.615824e-03 0.000000e+00
-8.340000e+00 8.259673e-03 5.023923e-18 8.654946e-03 0.000000e+00
-8.320000e+00 8.298173e-03 -3.832114e-18 8.694331e-03 0.000000e+00
-8.300000e+00 8.337285e-03 6.776322e-18 8.733980e-03 0.000000e+00
-8.280000e+00 8.377008e-03 -5.656777e-18 8.773895e-03 0.000000e+00
-8.260000e+00 8.417336e-03 -6.278195e-18 8.814079e-03 0.000000e+00
-8.240000e+00 8.458265e-03 7.344699e-18 8.854534e-03 0.000000e+00
-8.220000e+00 8.499789e-03 6.939571e-19 8.895263e-03 0.000000e+00
-8.200000e+00 8.541902e-03 7.738807e-18 8.936269e-03 0.000000e+00
-8.180000e+00 8.584596e-03 6.703505e-19 8.977552e-03 0.000000e+00
-8.160000e+00 8.627865e-03 -7.347990e-18 9.019117e-03 0.000000e+00
-8.140000e+00 8.671699e-03 3.528445e-18 9.060965e-03 0.000000e+00
-8.120000e+00 8.716092e-03 3.724919e-18 9.103099e-03 0.000000e+00
-8.100000e+00 8.761033e-03 -1.172140e-17 9.145522e-03 0.000000e+00
-8.080000e+00 8.806513e-03 -4.271703e-18 9.188236e-03 0.000000e+00
-8.060000e+00 8.852521e-03 -7.119823e-19 9.231243e-03 0.000000e+00
-8.040000e+00 8.899049e-03 4.403399e-19 9.274547e-03 0.000000e+00
-8.020000e+00 8.946084e-03 7.124265e-18 9.318151e-03 0.000000e+00
-8.000000e+00 8.993617e-03 -5.075346e-18 9.362055e-03 0.000000e+00
-7.980000e+00 9.041637e-03 2.200307e-18 9.406265e-03 0.000000e+00
-7.960000e+00 9.090132e-03 4.840613e-19 9.450782e-03 0.000000e+00
-7.940000e+00 9.139092e-03 -3.806244e-18 9.495608e-03 0.000000e+00
-7.920000e+00 9.188505e-03 3.812050e-18 9.540748e-03 0.000000e+00
-7.900000e+00 9.238360e-03 -5.155846e-19 9.586203e-03 0.000000e+00
-7.880000e+00 9.288648e-03 3.864730e-18 9.631977e-03 0.000000e+00
-7.860000e+00 9.339357e-03 -5.907659e-18 9.678073e-03 0.000000e+00
-7.840000e+00 9.390478e-03 -8.524169e-18 9.724493e-03 0.000000e+00
-7.820000e+00 9.442000e-03 -3.064027e-18 9.771241e-03 0.000000e+00
-7.800000e+00 9.493914e-03 -7.656683e-19 9.818319e-03 0.000000e+00
-7.780000e+00 9.546212e-03 -8.109994e-18 9.865730e-03 0.000000e+00
-7.760000e+00 9.598884e-03 -4.655957e-18 9.913478e-03 0.000000e+00
-7.740000e+00 9.651923e-03 2.228828e-18 9.961566e-03 0.000000e+00
-7.720000e+00 9.705320e-03 2.683714e-18 1.001000e-02 0.000000e+00
-7.700000e+00 9.759070e-03 -2.952451e-18 1.005877e-02 0.000000e+00
-7.680000e+00 9.813166e-03 -8.148577e-19 1.010790e-02 0.000000e+00
-7.660000e+00 9.867602e-03 6.162753e-18 1.015738e-02 0.000000e+00
-7.640000e+00 9.922373e-03 9.685797e-19 1.020721e-02 0.000000e+00
-7.620000e+00 9.977474e-03 -1.803576e-18 1.025741e-02 0.000000e+00
-7.600000e+00 1.003290e-02 -3.563587e-18 1.030796e-02 0.000000e+00
-7.580000e+00 1.008865e-02 -2.986928e-18 1.035888e-02 0.000000e+00
-7.560000e+00 1.014472e-02 7.167833e-18 1.041018e-02 0.000000e+00
-7.540000e+00 1.020111e-02 1.512650e-17 1.046184e-02 0.000000e+00
-7.520000e+00 1.025782e-02 -8.608881e-18 1.051388e-02 0.000000e+00
-7.500000e+00 1.031484e-02 4.097544e-18 1.056630e-02 0.000000e+00
-7.480000e+00 1.037217e-02 -1.267942e-17 1.061911e-02 0.000000e+00
-7.460000e+00 1.042982e-02 -4.267025e-18 1.067230e-02 0.000000e+00
-7.440000e+00 1.048779e-02 -1.170046e-18 1.072588e-02 0.000000e+00
-7.420000e+00 1.054607e-02 3.023888e-18 1.077986e-02 0.000000e+00
-7.400000e+00 1.060467e-02 1.185294e-19 1.083424e-02 0.000000e+00
-7.380000e+00 1.066359e-02 7.877864e-18 1.088902e-02 0.000000e+00
-7.360000e+00 1.072283e-02 -1.320511e-17 1.094420e-02 0.000000e+00
-7.340000e+00 1.078240e-02 -4.535861e-18 1.099980e-02 0.000000e+00
-7.320000e+00 1.084229e-02 -5.158927e-18 1.105580e-02 0.000000e+00
-7.300000e+00 1.090251e-02 -8.472414e-18 1.111223e-02 0.000000e+00
-7.280000e+00 1.096307e-02 -8.505772e-18 1.116908e-02 0.000000e+00
-7.260000e+00 1.102397e-02 3.317182e-19 1.122636e-02 0.000000e+00
-7.240000e+00 1.108520e-02 1.114209e-18 1.128406e-02 0.000000e+00
-7.220000e+00 1.114679e-02 -9.461027e-20 1.134220e-02 0.000000e+00
-7.200000e+00 1.120872e-02 -9.162272e-18 1.140078e-02 0.000000e+00
-7.180000e+00 1.127102e-02 -2.563030e-18 1.145981e-02 0.000000e+00
-7.160000e+00 1.133367e-02 4.368563e-18 1.151928e-02 0.000000e+00
-7.140000e+00 1.139669e-02 -1.178401e-17 1.157920e-02 0.000000e+00
-7.120000e+00 1.146008e-02 8.404478e-18 1.163958e-02 0.000000e+00
-7.100000e+00 1.152385e-02 1.037105e-18 1.170042e-02 0.000000e+00
-7.080000e+00 1.158800e-02 1.695478e-18 1.176172e-02 0.000000e+00
-7.060000e+00 1.165255e-02 -8.438687e-18 1.182350e-02 0.000000e+00
-7.040000e+00 1.171749e-02 -9.393392e-18 1.188575e-02 0.000000e+00
-7.020000e+00 1.178283e-02 -1.169215e-18 1.194848e-02 0.000000e+00
-7.000000e+00 1.184857e-02 -7.684520e-18 1.201169e-02 0.000000e+00
-6.980000e+00 1.191474e-02 -1.088239e-17 1.207540e-02 0.000000e+00
-6.960000e+00 1.198132e-02 4.770810e-18 1.213959e-02 0.000000e+00
-6.940000e+00 1.204833e-02 2.497337e-18 1.220429e-02 0.000000e+00
-6.920000e+00 1.211577e-02 1.499494e-18 1.226949e-02 0.000000e+00
-6.900000e+00 1.218366e-02 -3.614314e-18 1.233520e-02 0.000000e+00
-6.880000e+00 1.225199e-02 -6.234564e-18 1.240143e-02 0.000000e+00
-6.860000e+00 1.232078e-02 1.063991e-17 1.246817e-02 0.000000e+00
-6.840000e+00 1.239002e-02 -1.258879e-17 1.253544e-02 0.000000e+00
-6.820000e+00 1.245974e-02 -6.202333e-18 1.260324e-02 0.000000e+00
-6.800000e+00 1.252993e-02 -6.408892e-19 1.267157e-02 0.000000e+00
-6.780000e+00 1.260060e-02 -2.372556e-18 1.274045e-02 0.000000e+00
-6.760000e+00 1.267176e-02 5.044877e-18 1.280987e-02 0.000000e+00
-6.740000e+00 1.274342e-02 6.245687e-18 1.287984e-02 0.000000e+00
-6.720000e+00 1.281558e-02 -9.608659e-19 1.295038e-02 0.000000e+00
-6.700000e+00 1.288825e-02 9.155241e-18 1.302147e-02 0.000000e+00
-6.680000e+00 1.296144e-02 -4.243772e-18 1.309314e-02 0.000000e+00
-6.660000e+00 1.303516e-02 -6.103034e-18 1.316538e-02 0.000000e+00
-6.640000e+00 1.310941e-02 7.880113e-18 1.323820e-02 0.000000e+00
-6.620000e+00 1.318420e-02 2.314170e-18 1.331161e-02 0.000000e+00
-6.600000e+00 1.325953e-02 6.723168e-18 1.338561e-02 0.000000e+00
-6.580000e+00 1.333543e-02 4.068090e-18 1.346022e-02 0.000000e+00
-6.560000e+00 1.341188e-02 -1.106155e-17 1.353543e-02 0.000000e+00
-6.540000e+00 1.348891e-02 -2.514550e-18 1.361125e-02 0.000000e+00
-6.520000e+00 1.356651e-02 -1.048018e-18 1.368769e-02 0.000000e+00
-6.500000e+00 1.364470e-02 -8.968415e-18 1.376475e-02 0.000000e+00
-6.480000e+00 1.372348e-02 2.457201e-18 1.384245e-02 0.000000e+00
-6.460000e+00 1.380287e-02 4.056493e-18 1.392079e-02 0.000000e+00
-6.440000e+00 1.388286e-02 -7.106461e-19 1.399977e-02 0.000000e+00
-6.420000e+00 1.396347e-02 5.773284e-18 1.407940e-02 0.000000e+00
-6.400000e+00 1.404471e-02 -1.326771e-18 1.415969e-02 0.000000e+00
-6.380000e+00 1.412658e-02 1.533976e-18 1.424065e-02 0.000000e+00
-6.360000e+00 1.420909e-02 5.554678e-18 1.432228e-02 0.000000e+00
-6.340000e+00 1.429226e-02 1.623323e-18 1.440460e-02 0.000000e+00
-6.320000e+00 1.437608e-02 9.952584e-19 1.448760e-02 0.000000e+00
-6.300000e+00 1.446056e-02 3.886815e-18 1.457129e-02 0.000000e+00
-6.280000e+00 1.454573e-02 5.280634e-18 1.465569e-02 0.000000e+00
-6.260000e+00 1.463157e-02 -2.452923e-18 1.474080e-02 0.000000e+00
-6.240000e+00 1.471811e-02 -9.536933e-18 1.482663e-02 0.000000e+00
-6.220000e+00 1.480535e-02 3.640096e-18 1.491318e-02 0.000000e+00
-6.200000e+00 1.489330e-02 7.217029e-20 1.500047e-02 0.000000e+00
-6.180000e+00 1.498196e-02 2.143886e-18 1.508849e-02 0.000000e+00
-6.160000e+00 1.507135e-02 5.721075e-18 1.517727e-02 0.000000e+00
-6.140000e+00 1.516148e-02 7.787117e-18 1.526681e-02 0.000000e+00
-6.120000e+00 1.525235e-02 7.064183e-19 1.535711e-02 0.000000e+00
-6.100000e+00 1.534398e-02 -2.722562e-18 1.544819e-02 0.000000e+00
-6.080000e+00 1.543637e-02 2.940887e-18 1.554005e-02 0.000000e+00
-6.060000e+00 1.552953e-02 1.468952e-17 1.563270e-02 0.000000e+00
-6.040000e+00 1.562348e-02 -8.420177e-18 1.572615e-02 0.000000e+00
-6.020000e+00 1.571821e-02 1.094762e-17 1.582041e-02 0.000000e+00
-6.000000e+00 1.581375e-02 -1.437257e-18 1.591549e-02 0.000000e+00
-5.980000e+00 1.591010e-02 -7.217933e-19 1.601140e-02 0.000000e+00
-5.960000e+00 1.600726e-02 8.105180e-18 1.610815e-02 0.000000e+00
-5.940000e+00 1.610526e-02 4.113978e-18 1.620574e-02 0.000000e+00
-5.920000e+00 1.620410e-02 -2.361414e-18 1.630419e-02 0.000000e+00
-5.900000e+00 1.630379e-02 4.686951e-18 1.640350e-02 0.000000e+00
-5.880000e+00 1.640434e-02 2.841823e-18 1.650369e-02 0.000000e+00
-5.860000e+00 1.650576e-02 1.648182e-18 1.660476e-02 0.000000e+00
-5.840000e+00 1.660806e-02 5.550598e-18 1.670672e-02 0.000000e+00
-5.820000e+00 1.671126e-02 6.732277e-18 1.680960e-02 0.000000e+00
-5.800000e+00 1.681535e-02 8.412661e-18 1.691338e-02 0.000000e+00
-5.780000e+00 1.692036e-02 9.034732e-18 1.701810e-02 0.000000e+00
-5.760000e+00 1.702630e-02 -3.396894e-18 1.712375e-02 0.000000e+00
-5.740000e+00 1.713317e-02 9.481151e-19 1.723034e-02 0.000000e+00
-5.720000e+00 1.724098e-02 -1.183688e-18 1.733790e-02 0.000000e+00
-5.700000e+00 1.734976e-02 -2.764425e-18 1.744642e-02 0.000000e+00
-5.680000e+00 1.745950e-02 4.389330e-18 1.755592e-02 0.000000e+00
-5.660000e+00 1.757023e-02 1.629119e-18 1.766641e-02 0.000000e+00
-5.640000e+00 1.768195e-02 -2.542564e-18 1.777791e-02 0.000000e+00
-5.620000e+00 1.779467e-02 -3.095704e-18 1.789042e-02 0.000000e+00
-5.600000e+00 1.790841e-02 3.058647e-18 1.800395e-02 0.000000e+00
-5.580000e+00 1.802318e-02 7.383694e-18 1.811853e-02 0.000000e+00
-5.560000e+00 1.813899e-02 8.166723e-18 1.823415e-02 0.000000e+00
-5.540000e+00 1.825586e-02 7.046930e-18 1.835083e-02 0.000000e+00
-5.520000e+00 1.837379e-02 4.078099e-18 1.846859e-02 0.000000e+00
-5.500000e+00 1.849280e-02 2.105901e-18 1.858744e-02 0.000000e+00
-5.480000e+00 1.861290e-02 4.601537e-18 1.870738e-02 0.000000e+00
-5.460000e+00 1.873411e-02 1.645860e-18 1.882844e-02 0.000000e+00
-5.440000e+00 1.885644e-02 3.948742e-18 1.895063e-02 0.000000e+00
-5.420000e+00 1.897990e-02 8.402540e-18 1.907395e-02 0.000000e+00
-5.400000e+00 1.910451e-02 5.134445e-18 1.919842e-02 0.000000e+00
-5.380000e+00 1.923027e-02 7.343318e-18 1.932407e-02 0.000000e+00
-5.360000e+00 1.935722e-02 9.880691e-18 1.945089e-02 0.000000e+00
-5.340000e+00 1.948534e-02 8.850880e-18 1.957890e-02 0.000000e+00
-5.320000e+00 1.961468e-02 7.040755e-18 1.970813e-02 0.000000e+00
-5.300000e+00 1.974523e-02 -3.962539e-19 1.983857e-02 0.000000e+00
-5.280000e+00 1.987701e-02 6.672362e-18 1.997025e-02 0.000000e+00
-5.260000e+00 2.001004e-02 6.323852e-18 2.010319e-02 0.000000e+00
-5.240000e+00 2.014433e-02 5.220579e-19 2.023739e-02 0.000000e+00
-5.220000e+00 2.027990e-02 1.140017e-17 2.037288e-02 0.000000e+00
-5.200000e+00 2.041676e-02 4.615165e-18 2.050966e-02 0.000000e+00
-5.180000e+00 2.055493e-02 1.638010e-18 2.064775e-02 0.000000e+00
-5.160000e+00 2.069443e-02 1.671555e-17 2.078718e-02 0.000000e+00
-5.140000e+00 2.083527e-02 6.532270e-18 2.092795e-02 0.000000e+00
-5.120000e+00 2.097746e-02 9.887748e-18 2.107008e-02 0.000000e+00
-5.100000e+00 2.112104e-02 7.552918e-18 2.121359e-02 0.000000e+00
-5.080000e+00 2.126600e-02 4.746654e-18 2.135849e-02 0.000000e+00
-5.060000e+00 2.141237e-02 7.555730e-18 2.150481e-02 0.000000e+00
-5.040000e+00 2.156017e-02 9.305335e-18 2.165256e-02 0.000000e+00
-5.020000e+00 2.170941e-02 1.005361e-17 2.180175e-02 0.000000e+00
-5.000000e+00 2.186011e-02 9.080255e-18 2.195241e-02 0.000000e+00
-4.980000e+00 2.201230e-02 1.125516e-17 2.210455e-02 0.000000e+00
-4.960000e+00 2.216598e-02 4.587192e-18 2.225819e-02 0.000000e+00
-4.940000e+00 2.232118e-02 1.501886e-18 2.241335e-02 0.000000e+00
-4.920000e+00 2.247791e-02 1.222111e-17 2.257005e-02 0.000000e+00
-4.900000e+00 2.263620e-02 1.043869e-17 2.272830e-02 0.000000e+00
-4.880000e+00 2.279607e-02 5.178577e-18 2.288814e-02 0.000000e+00
-4.860000e+00 2.295753e-02 3.735921e-18 2.304957e-02 0.000000e+00
-4.840000e+00 2.312060e-02 -2.495713e-18 2.321261e-02 0.000000e+00
-4.820000e+00 2.328531e-02 -5.100952e-19 2.337729e-02 0.000000e+00
-4.800000e+00 2.345167e-02 6.525529e-18 2.354363e-02 0.000000e+00
-4.780000e+00 2.361971e-02 4.298468e-18 2.371165e-02 0.000000e+00
-4.760000e+00 2.378944e-02 1.159062e-17 2.388136e-02 0.000000e+00
-4.740000e+00 2.396089e-02 2.008412e-17 2.405280e-02 0.000000e+00
-4.720000e+00 2.413409e-02 5.600302e-18 2.422597e-02 0.000000e+00
-4.700000e+00 2.430904e-02 3.898173e-18 2.440091e-02 0.000000e+00
-4.680000e+00 2.448578e-02 5.708266e-18 2.457764e-02 0.000000e+00
-4.660000e+00 2.466433e-02 2.924923e-18 2.475617e-02 0.000000e+00
-4.640000e+00 2.484470e-02 6.226807e-18 2.493654e-02 0.000000e+00
-4.620000e+00 2.502693e-02 1.533546e-17 2.511875e-02 0.000000e+00
-4.600000e+00 2.521104e-02 1.733539e-18 2.530285e-02 0.000000e+00
-4.580000e+00 2.539705e-02 1.209386e-17 2.548885e-02 0.000000e+00
-4.560000e+00 2.558498e-02 6.404203e-18 2.567678e-02 0.000000e+00
-4.540000e+00 2.577486e-02 1.148225e-17 2.586666e-02 0.000000e+00
-4.520000e+00 2.596672e-02 5.919423e-18 2.605851e-02 0.000000e+00
-4.500000e+00 2.616058e-02 -2.318171e-19 2.625236e-02 0.000000e+00
-4.480000e+00 2.635646e-02 8.063294e-18 2.644824e-02 0.000000e+00
-4.460000e+00 2.655440e-02 1.330439e-17 2.664618e-02 0.000000e+00
-4.440000e+00 2.675442e-02 -4.011934e-18 2.684619e-02 0.000000e+00
-4.420000e+00 2.695654e-02 1.498950e-17 2.704831e-02 0.000000e+00
-4.400000e+00 2.716079e-02 1.025805e-17 2.725256e-02 0.000000e+00
-4.380000e+00 2.736720e-02 1.389338e-17 2.745897e-02 0.000000e+00
-4.360000e+00 2.757580e-02 1.367374e-17 2.766757e-02 0.000000e+00
-4.340000e+00 2.778662e-02 6.257229e-18 2.787839e-02 0.000000e+00
-4.320000e+00 2.799969e-02 1.006897e-18 2.809145e-02 0.000000e+00
-4.300000e+00 2.821502e-02 8.469680e-18 2.830679e-02 0.000000e+00
-4.280000e+00 2.843266e-02 1.158947e-17 2.852444e-02 0.000000e+00
-4.260000e+00 2.865264e-02 1.196134e-17 2.874441e-02 0.000000e+00
-4.240000e+00 2.887498e-02 2.205091e-18 2.896676e-02 0.000000e+00
-4.220000e+00 2.909972e-02 9.297035e-18 2.919149e-02 0.000000e+00
-4.200000e+00 2.932688e-02 4.678528e-18 2.941866e-02 0.000000e+00
-4.180000e+00 2.955650e-02 1.413902e-17 2.964828e-02 0.000000e+00
-4.160000e+00 2.978861e-02 4.220016e-18 2.988040e-02 0.000000e+00
-4.140000e+00 3.002325e-02 2.320350e-18 3.011503e-02 0.000000e+00
-4.120000e+00 3.026044e-02 1.542736e-17 3.035223e-02 0.000000e+00
-4.100000e+00 3.050022e-02 5.869988e-18 3.059201e-02 0.000000e+00
-4.080000e+00 3.074262e-02 1.063612e-17 3.083442e-02 0.000000e+00
-4.060000e+00 3.098769e-02 7.317276e-18 3.107949e-02 0.000000e+00
-4.040000e+00 3.123544e-02 6.882555e-18 3.132725e-02 0.000000e+00
-4.020000e+00 3.148593e-02 -3.536226e-18 3.157774e-02 0.000000e+00
-4.000000e+00 3.173918e-02 9.216098e-18 3.183099e-02 0.000000e+00
-3.980000e+00 3.199523e-02 4.201299e-18 3.208704e-02 0.000000e+00
-3.960000e+00 3.225412e-02 2.449555e-18 3.234594e-02 0.000000e+00
-3.940000e+00 3.251589e-02 1.056168e-17 3.260770e-02 0.000000e+00
-3.920000e+00 3.278057e-02 1.550189e-17 3.287239e-02 0.000000e+00
-3.900000e+00 3.304820e-02 4.117965e-18 3.314002e-02 0.000000e+00
-3.880000e+00 3.331882e-02 7.814292e-18 3.341064e-02 0.000000e+00
-3.860000e+00 3.359248e-02 1.129863e-17 3.368430e-02 0.000000e+00
-3.840000e+00 3.386920e-02 1.041029e-17 3.396102e-02 0.000000e+00
-3.820000e+00 3.414904e-02 1.243753e-17 3.424086e-02 0.000000e+00
-3.800000e+00 3.443202e-02 4.755808e-18 3.452385e-02 0.000000e+00
-3.780000e+00 3.471820e-02 1.197046e-17 3.481003e-02 0.000000e+00
-3.760000e+00 3.500762e-02 1.128462e-17 3.509945e-02 0.000000e+00
-3.740000e+00 3.530032e-02 5.595682e-18 3.539215e-02 0.000000e+00
-3.720000e+00 3.559634e-02 3.659382e-18 3.568817e-02 0.000000e+00
-3.700000e+00 3.589572e-02 -5.965408e-18 3.598755e-02 0.000000e+00
-3.680000e+00 3.619852e-02 8.596900e-18 3.629035e-02 0.000000e+00
-3.660000e+00 3.650477e-02 1.418789e-17 3.659660e-02 0.000000e+00
-3.640000e+00 3.681453e-02 -2.961973e-18 3.690635e-02 0.000000e+00
-3.620000e+00 3.712783e-02 9.898914e-18 3.721965e-02 0.000000e+00
-3.600000e+00 3.744473e-02 4.282150e-18 3.753654e-02 0.000000e+00
-3.580000e+00 3.776526e-02 2.450630e-18 3.785708e-02 0.000000e+00
-3.560000e+00 3.808949e-02 7.382614e-18 3.818130e-02 0.000000e+00
-3.540000e+00 3.841746e-02 -9.370798e-19 3.850927e-02 0.000000e+00
-3.520000e+00 3.874921e-02 -6.096506e-18 3.884102e-02 0.000000e+00
-3.500000e+00 3.908480e-02 3.661672e-18 3.917660e-02 0.000000e+00
-3.480000e+00 3.942428e-02 7.546452e-18 3.951607e-02 0.000000e+00
-3.460000e+00 3.976770e-02 3.850166e-18 3.985949e-02 0.000000e+00
-3.440000e+00 4.011510e-02 -5.704647e-18 4.020689e-02 0.000000e+00
-3.420000e+00 4.046655e-02 3.309543e-18 4.055833e-02 0.000000e+00
-3.400000e+00 4.082210e-02 1.391814e-18 4.091387e-02 0.000000e+00
-3.380000e+00 4.118179e-02 2.492935e-18 4.127355e-02 0.000000e+00
-3.360000e+00 4.154568e-02 3.118510e-18 4.163744e-02 0.000000e+00
-3.340000e+00 4.191383e-02 -3.547046e-19 4.200558e-02 0.000000e+00
-3.320000e+00 4.228629e-02 1.145228e-17 4.237803e-02 0.000000e+00
-3.300000e+00 4.266312e-02 -1.241537e-18 4.275485e-02 0.000000e+00
-3.280000e+00 4.304438e-02 4.481610e-18 4.313610e-02 0.000000e+00
-3.260000e+00 4.343011e-02 -6.616097e-18 4.352182e-02 0.000000e+00
-3.240000e+00 4.382038e-02 -4.560395e-18 4.391208e-02 0.000000e+00
-3.220000e+00 4.421525e-02 -4.890208e-18 4.430694e-02 0.000000e+00
-3.200000e+00 4.461477e-02 1.005611e-17 4.470644e-02 0.000000e+00
-3.180000e+00 4.501900e-02 5.011638e-18 4.511067e-02 0.000000e+00
-3.160000e+00 4.542801e-02 -5.448053e-18 4.551966e-02 0.000000e+00
-3.140000e+00 4.584185e-02 3.016543e-18 4.593349e-02 0.000000e+00
-3.120000e+00 4.626058e-02 3.597139e-18 4.635221e-02 0.000000e+00
-3.100000e+00 4.668427e-02 -3.910472e-19 4.677588e-02 0.000000e+00
-3.080000e+00 4.711298e-02 -1.374426e-18 4.720457e-02 0.000000e+00
-3.060000e+00 4.754676e-02 8.553798e-18 4.763834e-02 0.000000e+00
-3.040000e+00 4.798569e-02 1.483692e-17 4.807725e-02 0.000000e+00
-3.020000e+00 4.842982e-02 2.805233e-18 4.852137e-02 0.000000e+00
-3.000000e+00 4.887922e-02 2.340202e-18 4.897075e-02 0.000000e+00
-2.980000e+00 4.933395e-02 3.563730e-18 4.942547e-02 0.000000e+00
-2.960000e+00 4.979408e-02 -2.958432e-18 4.988558e-02 0.000000e+00
-2.940000e+00 5.025967e-02 4.649992e-18 5.035115e-02 0.000000e+00
-2.920000e+00 5.073078e-02 -1.467001e-18 5.082225e-02 0.000000e+00
-2.900000e+00 5.120749e-02 -7.109988e-18 5.129893e-02 0.000000e+00
-2.880000e+00 5.168986e-02 1.380098e-18 5.178128e-02 0.000000e+00
-2.860000e+00 5.217795e-02 3.792900e-18 5.226935e-02 0.000000e+00
-2.840000e+00 5.267183e-02 -3.280867e-19 5.276321e-02 0.000000e+00
-2.820000e+00 5.317156e-02 3.252621e-18 5.326292e-02 0.000000e+00
-2.800000e+00 5.367722e-02 -2.453691e-18 5.376856e-02 0.000000e+00
-2.780000e+00 5.418887e-02 2.728428e-18 5.428019e-02 0.000000e+00
-2.760000e+00 5.470658e-02 1.696659e-17 5.479787e-02 0.000000e+00
-2.740000e+00 5.523041e-02 -2.568020e-18 5.532168e-02 0.000000e+00
-2.720000e+00 5.576043e-02 4.124758e-18 5.585168e-02 0.000000e+00
-2.700000e+00 5.629671e-02 2.593703e-19 5.638793e-02 0.000000e+00
-2.680000e+00 5.683932e-02 3.501619e-19 5.693051e-02 0.000000e+00
-2.660000e+00 5.738831e-02 3.036331e-18 5.747948e-02 0.000000e+00
-2.640000e+00 5.794377e-02 -4.468824e-18 5.803491e-02 0.000000e+00
-2.620000e+00 5.850575e-02 1.349206e-18 5.859686e-02 0.000000e+00
-2.600000e+00 5.907432e-02 -2.267078e-18 5.916541e-02 0.000000e+00
-2.580000e+00 5.964954e-02 -4.530963e-18 5.974060e-02 0.000000e+00
-2.560000e+00 6.023149e-02 -2.469583e-18 6.032252e-02 0.000000e+00
-2.540000e+00 6.082022e-02 -3.076395e-18 6.091123e-02 0.000000e+00
-2.520000e+00 6.141580e-02 -6.809256e-19 6.150678e-02 0.000000e+00
-2.500000e+00 6.201830e-02 -9.928740e-19 6.210925e-02 0.000000e+00
-2.480000e+00 6.262777e-02 -2.706946e-18 6.271869e-02 0.000000e+00
-2.460000e+00 6.324428e-02 -7.847679e-18 6.333517e-02 0.000000e+00
-2.440000e+00 6.386789e-02 -1.523979e-17 6.395875e-02 0.000000e+00
-2.420000e+00 6.449866e-02 -5.742274e-18 6.458948e-02 0.000000e+00
-2.400000e+00 6.513665e-02 4.129608e-18 6.522744e-02 0.000000e+00
-2.380000e+00 6.578191e-02 -3.211872e-18 6.587266e-02 0.000000e+00
-2.360000e+00 6.643450e-02 1.000461e-18 6.652522e-02 0.000000e+00
-2.340000e+00 6.709448e-02 6.234071e-18 6.718517e-02 0.000000e+00
-2.320000e+00 6.776190e-02 -6.267436e-18 6.785255e-02 0.000000e+00
-2.300000e+00 6.843681e-02 -7.283348e-18 6.852742e-02 0.000000e+00
-2.280000e+00 6.911925e-02 -1.698408e-18 6.920984e-02 0.000000e+00
-2.260000e+00 6.980929e-02 -1.011006e-17 6.989984e-02 0.000000e+00
-2.240000e+00 7.050696e-02 5.766300e-18 7.059747e-02 0.000000e+00
-2.220000e+00 7.121231e-02 3.975791e-19 7.130278e-02 0.000000e+00
-2.200000e+00 7.192537e-02 -2.058847e-18 7.201581e-02 0.000000e+00
-2.180000e+00 7.264620e-02 -2.945403e-18 7.273659e-02 0.000000e+00
-2.160000e+00 7.337481e-02 -5.442008e-18 7.346517e-02 0.000000e+00
-2.140000e+00 7.411125e-02 4.628367e-18 7.420157e-02 0.000000e+00
-2.120000e+00 7.485554e-02 -3.279132e-18 7.494582e-02 0.000000e+00
-2.100000e+00 7.560771e-02 -7.135378e-18 7.569795e-02 0.000000e+00
-2.080000e+00 7.636778e-02 -8.372419e-18 7.645799e-02 0.000000e+00
-2.060000e+00 7.713578e-02 -2.188208e-18 7.722594e-02 0.000000e+00
-2.040000e+00 7.791171e-02 -5.809904e-18 7.800183e-02 0.000000e+00
-2.020000e+00 7.869560e-02 -2.517283e-18 7.878568e-02 0.000000e+00
-2.000000e+00 7.948743e-02 1.937216e-18 7.957747e-02 0.000000e+00
-1.980000e+00 8.028723e-02 7.880178e-18 8.037722e-02 0.000000e+00
-1.960000e+00 8.109498e-02 8.938434e-18 8.118493e-02 0.000000e+00
-1.940000e+00 8.191068e-02 2.130343e-18 8.200059e-02 0.000000e+00
-1.920000e+00 8.273431e-02 2.006436e-18 8.282418e-02 0.000000e+00
-1.900000e+00 8.356586e-02 -2.026846e-18 8.365569e-02 0.000000e+00
-1.880000e+00 8.440531e-02 4.490692e-18 8.449509e-02 0.000000e+00
-1.860000e+00 8.525262e-02 6.331509e-18 8.534235e-02 0.000000e+00
-1.840000e+00 8.610775e-02 -1.650750e-18 8.619743e-02 0.000000e+00
-1.820000e+00 8.697066e-02 -2.656346e-18 8.706030e-02 0.000000e+00
-1.800000e+00 8.784131e-02 1.283016e-18 8.793091e-02 0.000000e+00
-1.780000e+00 8.871964e-02 2.144842e-18 8.880919e-02 0.000000e+00
-1.760000e+00 8.960558e-02 5.216248e-18 8.969508e-02 0.000000e+00
-1.740000e+00 9.049905e-02 -5.011344e-19 9.058850e-02 0.000000e+00
-1.720000e+00 9.139999e-02 -1.007595e-18 9.148939e-02 0.000000e+00
-1.700000e+00 9.230829e-02 4.394107e-18 9.239764e-02 0.000000e+00
-1.680000e+00 9.322386e-02 -4.098574e-18 9.331317e-02 0.000000e+00
-1.660000e+00 9.414660e-02 -1.764971e-18 9.423586e-02 0.000000e+00
-1.640000e+00 9.507639e-02 -6.570288e-18 9.516560e-02 0.000000e+00
-1.620000e+00 9.601310e-02 -1.230606e-18 9.610225e-02 0.000000e+00
-1.600000e+00 9.695659e-02 5.562740e-18 9.704570e-02 0.000000e+00
-1.580000e+00 9.790672e-02 -1.269583e-18 9.799578e-02 0.000000e+00
-1.560000e+00 9.886333e-02 4.916037e-18 9.895234e-02 0.000000e+00
-1.540000e+00 9.982626e-02 1.156488e-17 9.991521e-02 0.000000e+00
-1.520000e+00 1.007953e-01 3.912727e-18 1.008842e-01 0.000000e+00
-1.500000e+00 1.017703e-01 -1.043073e-18 1.018592e-01 0.000000e+00
-1.480000e+00 1.027510e-01 3.101432e-18 1.028398e-01 0.000000e+00
-1.460000e+00 1.037373e-01 2.740838e-18 1.038260e-01 0.000000e+00
-1.440000e+00 1.047288e-01 1.344063e-17 1.048175e-01 0.000000e+00
-1.420000e+00 1.057254e-01 1.142553e-19 1.058141e-01 0.000000e+00
-1.400000e+00 1.067268e-01 5.208827e-18 1.068154e-01 0.000000e+00
-1.380000e+00 1.077327e-01 2.329246e-18 1.078212e-01 0.000000e+00
-1.360000e+00 1.087429e-01 -5.975494e-19 1.088313e-01 0.000000e+00
-1.340000e+00 1.097569e-01 1.161825e-17 1.098454e-01 0.000000e+00
-1.320000e+00 1.107747e-01 -2.781881e-18 1.108630e-01 0.000000e+00
-1.300000e+00 1.117957e-01 -1.805368e-18 1.118840e-01 0.000000e+00
-1.280000e+00 1.128196e-01 -4.964517e-18 1.129079e-01 0.000000e+00
-1.260000e+00 1.138462e-01 -3.299165e-18 1.139344e-01 0.000000e+00
-1.240000e+00 1.148750e-01 5.860988e-18 1.149631e-01 0.000000e+00
-1.220000e+00 1.159056e-01 6.460478e-18 1.159937e-01 0.000000e+00
-1.200000e+00 1.169377e-01 9.362612e-19 1.170257e-01 0.000000e+00
-1.180000e+00 1.179707e-01 8.183294e-18 1.180587e-01 0.000000e+00
-1.160000e+00 1.190044e-01 9.332077e-18 1.190923e-01 0.000000e+00
-1.140000e+00 1.200382e-01 5.449184e-19 1.201260e-01 0.000000e+00
-1.120000e+00 1.210716e-01 5.388287e-18 1.211594e-01 0.000000e+00
-1.100000e+00 1.221042e-01 -9.081505e-18 1.221919e-01 0.000000e+00
-1.080000e+00 1.231354e-01 1.043519e-17 1.232231e-01 0.000000e+00
-1.060000e+00 1.241648e-01 1.212383e-17 1.242524e-01 0.000000e+00
-1.040000e+00 1.251918e-01 -8.982000e-19 1.252794e-01 0.000000e+00
-1.020000e+00 1.262159e-01 7.953666e-18 1.263034e-01 0.000000e+00
-1.000000e+00 1.272365e-01 6.645406e-18 1.273240e-01 0.000000e+00
-9.800000e-01 1.282530e-01 6.078951e-18 1.283404e-01 0.000000e+00
-9.600000e-01 1.292649e-01 4.357956e-18 1.293522e-01 0.000000e+00
-9.400000e-01 1.302715e-01 -3.998072e-18 1.303587e-01 0.000000e+00
-9.200000e-01 1.312721e-01 8.249552e-19 1.313593e-01 0.000000e+00
-9.000000e-01 1.322663e-01 1.397027e-17 1.323534e-01 0.000000e+00
-8.800000e-01 1.332532e-01 -2.286243e-18 1.333403e-01 0.000000e+00
-8.600000e-01 1.342323e-01 4.229591e-18 1.343193e-01 0.000000e+00
-8.400000e-01 1.352029e-01 -2.833330e-18 1.352898e-01 0.000000e+00
-8.200000e-01 1.361643e-01 7.077566e-18 1.362511e-01 0.000000e+00
-8.000000e-01 1.371157e-01 7.823566e-18 1.372025e-01 0.000000e+00
-7.800000e-01 1.380566e-01 -5.647010e-18 1.381433e-01 0.000000e+00
-7.600000e-01 1.389862e-01 6.802642e-18 1.390728e-01 0.000000e+00
-7.400000e-01 1.399037e-01 1.615185e-17 1.399903e-01 0.000000e+00
-7.200000e-01 1.408084e-01 5.862541e-18 1.408950e-01 0.000000e+00
-7.000000e-01 1.416997e-01 -3.176227e-18 1.417861e-01 0.000000e+00
-6.800000e-01 1.425767e-01 1.381153e-18 1.426631e-01 0.000000e+00
-6.600000e-01 1.434387e-01 5.308168e-18 1.435251e-01 0.000000e+00
-6.400000e-01 1.442850e-01 1.057545e-17 1.443713e-01 0.000000e+00
-6.200000e-01 1.451149e-01 -2.704515e-18 1.452011e-01 0.000000e+00
-6.000000e-01 1.459276e-01 7.487367e-18 1.460137e-01 0.000000e+00
-5.800000e-01 1.467223e-01 8.199248e-18 1.468084e-01 0.000000e+00
-5.600000e-01 1.474983e-01 2.908877e-18 1.475843e-01 0.000000e+00
-5.400000e-01 1.482549e-01 1.478976e-17 1.483409e-01 0.000000e+00
-5.200000e-01 1.489914e-01 -5.536689e-19 1.490773e-01 0.000000e+00
-5.000000e-01 1.497071e-01 -4.764569e-19 1.497929e-01 0.000000e+00
-4.800000e-01 1.504012e-01 -7.753968e-18 1.504869e-01 0.000000e+00
-4.600000e-01 1.510730e-01 -8.963389e-18 1.511587e-01 0.000000e+00
-4.400000e-01 1.517219e-01 6.554353e-18 1.518075e-01 0.000000e+00
-4.200000e-01 1.523471e-01 6.145422e-18 1.524327e-01 0.000000e+00
-4.000000e-01 1.529481e-01 2.581271e-18 1.530336e-01 0.000000e+00
-3.800000e-01 1.535242e-01 -3.366219e-18 1.536096e-01 0.000000e+00
-3.600000e-01 1.540748e-01 7.143120e-18 1.541602e-01 0.000000e+00
-3.400000e-01 1.545993e-01 1.722407e-18 1.546846e-01 0.000000e+00
-3.200000e-01 1.550971e-01 6.458600e-18 1.551823e-01 0.000000e+00
-3.000000e-01 1.555676e-01 -1.387567e-17 1.556528e-01 0.000000e+00
-2.800000e-01 1.560104e-01 9.550224e-18 1.560955e-01 0.000000e+00
-2.600000e-01 1.564249e-01 7.671317e-18 1.565099e-01 0.000000e+00
-2.400000e-01 1.568107e-01 -6.054336e-18 1.568956e-01 0.000000e+00
-2.200000e-01 1.571673e-01 5.288612e-18 1.572522e-01 0.000000e+00
-2.000000e-01 1.574944e-01 -1.035542e-18 1.575792e-01 0.000000e+00
-1.800000e-01 1.577914e-01 6.050670e-18 1.578761e-01 0.000000e+00
-1.600000e-01 1.580582e-01 3.937022e-19 1.581428e-01 0.000000e+00
-1.400000e-01 1.582943e-01 -1.477249e-17 1.583789e-01 0.000000e+00
-1.200000e-01 1.584995e-01 -6.665255e-18 1.585840e-01 0.000000e+00
-1.000000e-01 1.586736e-01 7.303374e-18 1.587580e-01 0.000000e+00
-8.000000e-02 1.588164e-01 -5.783455e-18 1.589007e-01 0.000000e+00
-6.000000e-02 1.589276e-01 -3.953111e-19 1.590118e-01 0.000000e+00
-4.000000e-02 1.590071e-01 -1.589607e-18 1.590913e-01 0.000000e+00
-2.000000e-02 1.590549e-01 2.428668e-18 1.591390e-01 0.000000e+00
0.000000e+00 1.590707e-01 1.468786e-18 1.591549e-01 0.000000e+00
2.000000e-02 1.590548e-01 -1.271316e-17 1.591390e-01 0.000000e+00
4.000000e-02 1.590070e-01 6.918642e-18 1.590913e-01 0.000000e+00
6.000000e-02 1.589274e-01 1.063315e-17 1.590118e-01 0.000000e+00
8.000000e-02 1.588162e-01 -7.490413e-19 1.589007e-01 0.000000e+00
1.000000e-01 1.586735e-01 -6.569804e-19 1.587580e-01 0.000000e+00
1.200000e-01 1.584994e-01 -3.619741e-18 1.585840e-01 0.000000e+00
1.400000e-01 1.582942e-01 2.515201e-18 1.583789e-01 0.000000e+00
1.600000e-01 1.580580e-01 2.319164e-18 1.581428e-01 0.000000e+00
1.800000e-01 1.577913e-01 -5.822137e-18 1.578761e-01 0.000000e+00
2.000000e-01 1.574942e-01 -9.361607e-19 1.575792e-01 0.000000e+00
2.200000e-01 1.571672e-01 2.447254e-18 1.572522e-01 0.000000e+00
2.400000e-01 1.568106e-01 2.351054e-18 1.568956e-01 0.000000e+00
2.600000e-01 1.564248e-01 4.705232e-18 1.565099e-01 0.000000e+00
2.800000e-01 1.560103e-01 1.973863e-18 1.560955e-01 0.000000e+00
3.000000e-01 1.555675e-01 2.991475e-18 1.556528e-01 0.000000e+00
3.200000e-01 1.550969e-01 -9.770402e-18 1.551823e-01 0.000000e+00
3.400000e-01 1.545991e-01 -1.173183e-17 1.546846e-01 0.000000e+00
3.600000e-01 1.540747e-01 6.034758e-18 1.541602e-01 0.000000e+00
3.800000e-01 1.535241e-01 -5.009712e-18 1.536096e-01 0.000000e+00
4.000000e-01 1.529480e-01 -4.396809e-19 1.530336e-01 0.000000e+00
4.200000e-01 1.523470e-01 2.587812e-18 1.524327e-01 0.000000e+00
4.400000e-01 1.517217e-01 -5.658734e-18 1.518075e-01 0.000000e+00
4.600000e-01 1.510728e-01 -1.018579e-17 1.511587e-01 0.000000e+00
4.800000e-01 1.504010e-01 -7.876640e-19 1.504869e-01 0.000000e+00
5.000000e-01 1.497069e-01 -1.177735e-17 1.497929e-01 0.000000e+00
5.200000e-01 1.489913e-01 4.229135e-18 1.490773e-01 0.000000e+00
5.400000e-01 1.482548e-01 1.081689e-17 1.483409e-01 0.000000e+00
5.600000e-01 1.474981e-01 7.681402e-19 1.475843e-01 0.000000e+00
5.800000e-01 1.467221e-01 -2.202491e-18 1.468084e-01 0.000000e+00
6.000000e-01 1.459274e-01 1.213939e-18 1.460137e-01 0.000000e+00
6.200000e-01 1.451147e-01 6.116297e-19 1.452011e-01 0.000000e+00
6.400000e-01 1.442849e-01 6.644129e-18 1.443713e-01 0.000000e+00
6.600000e-01 1.434385e-01 -5.657016e-18 1.435251e-01 0.000000e+00
6.800000e-01 1.425765e-01 -4.720324e-18 1.426631e-01 0.000000e+00
7.000000e-01 1.416995e-01 4.294025e-18 1.417861e-01 0.000000e+00
7.200000e-01 1.408082e-01 6.200561e-19 1.408950e-01 0.000000e+00
7.400000e-01 1.399035e-01 -4.701191e-18 1.399903e-01 0.000000e+00
7.600000e-01 1.389860e-01 -1.159752e-18 1.390728e-01 0.000000e+00
7.800000e-01 1.380564e-01 1.014215e-18 1.381433e-01 0.000000e+00
8.000000e-01 1.371155e-01 -6.117400e-18 1.372025e-01 0.000000e+00
8.200000e-01 1.361641e-01 -1.070417e-17 1.362511e-01 0.000000e+00
8.400000e-01 1.352027e-01 5.484258e-18 1.352898e-01 0.000000e+00
8.600000e-01 1.342321e-01 1.511556e-18 1.343193e-01 0.000000e+00
8.800000e-01 1.332530e-01 -6.586009e-19 1.333403e-01 0.000000e+00
9.000000e-01 1.322661e-01 -7.482461e-18 1.323534e-01 0.000000e+00
9.200000e-01 1.312719e-01 1.020831e-18 1.313593e-01 0.000000e+00
9.400000e-01 1.302713e-01 5.133711e-18 1.303587e-01 0.000000e+00
9.600000e-01 1.292647e-01 -4.973431e-18 1.293522e-01 0.000000e+00
9.800000e-01 1.282528e-01 -1.005914e-17 1.283404e-01 0.000000e+00
1.000000e+00 1.272363e-01 1.115444e-17 1.273240e-01 0.000000e+00
1.020000e+00 1.262157e-01 -3.912091e-19 1.263034e-01 0.000000e+00
1.040000e+00 1.251916e-01 2.844161e-20 1.252794e-01 0.000000e+00
1.060000e+00 1.241646e-01 1.129222e-18 1.242524e-01 0.000000e+00
1.080000e+00 1.231352e-01 -2.060714e-18 1.232231e-01 0.000000e+00
1.100000e+00 1.221040e-01 1.516232e-18 1.221919e-01 0.000000e+00
1.120000e+00 1.210714e-01 -6.335902e-18 1.211594e-01 0.000000e+00
1.140000e+00 1.200379e-01 -1.276805e-17 1.201260e-01 0.000000e+00
1.160000e+00 1.190042e-01 9.146416e-18 1.190923e-01 0.000000e+00
1.180000e+00 1.179705e-01 -3.343883e-18 1.180587e-01 0.000000e+00
1.200000e+00 1.169375e-01 -1.012189e-18 1.170257e-01 0.000000e+00
1.220000e+00 1.159054e-01 -1.079326e-17 1.159937e-01 0.000000e+00
1.240000e+00 1.148748e-01 -1.039316e-17 1.149631e-01 0.000000e+00
1.260000e+00 1.138460e-01 -6.453394e-18 1.139344e-01 0.000000e+00
1.280000e+00 1.128194e-01 -2.286511e-18 1.129079e-01 0.000000e+00
1.300000e+00 1.117954e-01 -7.182426e-18 1.118840e-01 0.000000e+00
1.320000e+00 1.107744e-01 8.772463e-19 1.108630e-01 0.000000e+00
1.340000e+00 1.097567e-01 7.023346e-19 1.098454e-01 0.000000e+00
1.360000e+00 1.087426e-01 -4.450499e-18 1.088313e-01 0.000000e+00
1.380000e+00 1.077325e-01 -6.244629e-18 1.078212e-01 0.000000e+00
1.400000e+00 1.067266e-01 -7.007052e-18 1.068154e-01 0.000000e+00
1.420000e+00 1.057252e-01 1.269228e-18 1.058141e-01 0.000000e+00
1.440000e+00 1.047286e-01 1.022826e-18 1.048175e-01 0.000000e+00
1.460000e+00 1.037371e-01 -8.799335e-18 1.038260e-01 0.000000e+00
1.480000e+00 1.027508e-01 -9.055519e-18 1.028398e-01 0.000000e+00
1.500000e+00 1.017701e-01 -7.212455e-18 1.018592e-01 0.000000e+00
1.520000e+00 1.007951e-01 -9.923496e-20 1.008842e-01 0.000000e+00
1.540000e+00 9.982601e-02 -5.626094e-18 9.991521e-02 0.000000e+00
1.560000e+00 9.886309e-02 3.041650e-18 9.895234e-02 0.000000e+00
1.580000e+00 9.790647e-02 -1.473399e-18 9.799578e-02 0.000000e+00
1.600000e+00 9.695634e-02 -7.108244e-18 9.704570e-02 0.000000e+00
1.620000e+00 9.601284e-02 -1.000976e-17 9.610225e-02 0.000000e+00
1.640000e+00 9.507613e-02 5.439508e-18 9.516560e-02 0.000000e+00
1.660000e+00 9.414634e-02 -2.135354e-18 9.423586e-02 0.000000e+00
1.680000e+00 9.322360e-02 -5.461992e-18 9.331317e-02 0.000000e+00
1.700000e+00 9.230803e-02 -1.240863e-18 9.239764e-02 0.000000e+00
1.720000e+00 9.139972e-02 2.293436e-18 9.148939e-02 0.000000e+00
1.740000e+00 9.049879e-02 2.386384e-18 9.058850e-02 0.000000e+00
1.760000e+00 8.960531e-02 -9.000171e-18 8.969508e-02 0.000000e+00
1.780000e+00 8.871937e-02 -8.045249e-18 8.880919e-02 0.000000e+00
1.800000e+00 8.784104e-02 1.551733e-18 8.793091e-02 0.000000e+00
1.820000e+00 8.697039e-02 -7.261785e-18 8.706030e-02 0.000000e+00
1.840000e+00 8.610747e-02 2.047977e-18 8.619743e-02 0.000000e+00
1.860000e+00 8.525234e-02 -3.542876e-18 8.534235e-02 0.000000e+00
1.880000e+00 8.440503e-02 -2.031165e-19 8.449509e-02 0.000000e+00
1.900000e+00 8.356558e-02 2.291913e-18 8.365569e-02 0.000000e+00
1.920000e+00 8.273403e-02 -4.591550e-18 8.282418e-02 0.000000e+00
1.940000e+00 8.191039e-02 -9.164367e-18 8.200059e-02 0.000000e+00
1.960000e+00 8.109469e-02 9.787100e-18 8.118493e-02 0.000000e+00
1.980000e+00 8.028694e-02 -1.192659e-17 8.037722e-02 0.000000e+00
2.000000e+00 7.948714e-02 -4.662064e-18 7.957747e-02 0.000000e+00
2.020000e+00 7.869530e-02 -1.269660e-17 7.878568e-02 0.000000e+00
2.040000e+00 7.791141e-02 -1.319622e-17 7.800183e-02 0.000000e+00
2.060000e+00 7.713548e-02 -6.897697e-18 7.722594e-02 0.000000e+00
2.080000e+00 7.636748e-02 -2.943024e-18 7.645799e-02 0.000000e+00
2.100000e+00 7.560740e-02 -7.755246e-18 7.569795e-02 0.000000e+00
2.120000e+00 7.485523e-02 4.121128e-19 7.494582e-02 0.000000e+00
2.140000e+00 7.411093e-02 -2.696531e-18 7.420157e-02 0.000000e+00
2.160000e+00 7.337449e-02 -4.079509e-18 7.346517e-02 0.000000e+00
2.180000e+00 7.264588e-02 1.514175e-18 7.273659e-02 0.000000e+00
2.200000e+00 7.192505e-02 -3.574503e-18 7.201581e-02 0.000000e+00
2.220000e+00 7.121199e-02 5.869629e-19 7.130278e-02 0.000000e+00
2.240000e+00 7.050664e-02 -3.032852e-18 7.059747e-02 0.000000e+00
2.260000e+00 6.980896e-02 -7.100415e-18 6.989984e-02 0.000000e+00
2.280000e+00 6.911892e-02 -5.178115e-18 6.920984e-02 0.000000e+00
2.300000e+00 6.843647e-02 -3.854993e-18 6.852742e-02 0.000000e+00
2.320000e+00 6.776156e-02 -7.989342e-19 6.785255e-02 0.000000e+00
2.340000e+00 6.709414e-02 -1.764971e-18 6.718517e-02 0.000000e+00
2.360000e+00 6.643416e-02 4.886512e-18 6.652522e-02 0.000000e+00
2.380000e+00 6.578156e-02 4.497793e-18 6.587266e-02 0.000000e+00
2.400000e+00 6.513630e-02 -6.764940e-18 6.522744e-02 0.000000e+00
2.420000e+00 6.449831e-02 -6.997982e-18 6.458948e-02 0.000000e+00
2.440000e+00 6.386754e-02 5.851822e-20 6.395875e-02 0.000000e+00
2.460000e+00 6.324393e-02 -6.491195e-18 6.333517e-02 0.000000e+00
2.480000e+00 6.262741e-02 -5.115313e-18 6.271869e-02 0.000000e+00
2.500000e+00 6.201794e-02 -4.342713e-18 6.210925e-02 0.000000e+00
2.520000e+00 6.141544e-02 -4.276788e-18 6.150678e-02 0.000000e+00
2.540000e+00 6.081985e-02 -2.208622e-18 6.091123e-02 0.000000e+00
2.560000e+00 6.023112e-02 -9.564907e-18 6.032252e-02 0.000000e+00
2.580000e+00 5.964917e-02 -7.263964e-18 5.974060e-02 0.000000e+00
2.600000e+00 5.907394e-02 -5.195728e-19 5.916541e-02 0.000000e+00
2.620000e+00 5.850537e-02 -6.698794e-18 5.859686e-02 0.000000e+00
2.640000e+00 5.794338e-02 1.923151e-18 5.803491e-02 0.000000e+00
2.660000e+00 5.738793e-02 -3.917125e-18 5.747948e-02 0.000000e+00
2.680000e+00 5.683893e-02 2.167579e-18 5.693051e-02 0.000000e+00
2.700000e+00 5.629632e-02 5.572851e-18 5.638793e-02 0.000000e+00
2.720000e+00 5.576003e-02 -4.964517e-18 5.585168e-02 0.000000e+00
2.740000e+00 5.523001e-02 -9.027564e-18 5.532168e-02 0.000000e+00
2.760000e+00 5.470617e-02 -7.382925e-19 5.479787e-02 0.000000e+00
2.780000e+00 5.418846e-02 -8.295961e-18 5.428019e-02 0.000000e+00
2.800000e+00 5.367681e-02 -6.596410e-19 5.376856e-02 0.000000e+00
2.820000e+00 5.317115e-02 -8.379844e-18 5.326292e-02 0.000000e+00
2.840000e+00 5.267141e-02 -2.137542e-17 5.276321e-02 0.000000e+00
2.860000e+00 5.217752e-02 -1.262859e-18 5.226935e-02 0.000000e+00
2.880000e+00 5.168943e-02 -6.544065e-18 5.178128e-02 0.000000e+00
2.900000e+00 5.120706e-02 -7.420782e-18 5.129893e-02 0.000000e+00
2.920000e+00 5.073035e-02 -7.343027e-19 5.082225e-02 0.000000e+00
2.940000e+00 5.025923e-02 -5.777740e-18 5.035115e-02 0.000000e+00
2.960000e+00 4.979363e-02 -2.430586e-18 4.988558e-02 0.000000e+00
2.980000e+00 4.933350e-02 -4.297392e-18 4.942547e-02 0.000000e+00
3.000000e+00 4.887876e-02 -2.777951e-18 4.897075e-02 0.000000e+00
3.020000e+00 4.842936e-02 3.974706e-18 4.852137e-02 0.000000e+00
3.040000e+00 4.798523e-02 1.360164e-18 4.807725e-02 0.000000e+00
3.060000e+00 4.754630e-02 -3.395600e-18 4.763834e-02 0.000000e+00
3.080000e+00 4.711251e-02 -4.385463e-18 4.720457e-02 0.000000e+00
3.100000e+00 4.668380e-02 -3.496733e-18 4.677588e-02 0.000000e+00
3.120000e+00 4.626010e-02 -1.239093e-18 4.635221e-02 0.000000e+00
3.140000e+00 4.584136e-02 2.058861e-18 4.593349e-02 0.000000e+00
3.160000e+00 4.542752e-02 8.981647e-18 4.551966e-02 0.000000e+00
3.180000e+00 4.501851e-02 7.791782e-18 4.511067e-02 0.000000e+00
3.200000e+00 4.461427e-02 -2.246264e-18 4.470644e-02 0.000000e+00
3.220000e+00 4.421474e-02 -4.990851e-18 4.430694e-02 0.000000e+00
3.240000e+00 4.381987e-02 1.295495e-18 4.391208e-02 0.000000e+00
3.260000e+00 4.342960e-02 -1.174690e-17 4.352182e-02 0.000000e+00
3.280000e+00 4.304386e-02 -8.411092e-19 4.313610e-02 0.000000e+00
3.300000e+00 4.266260e-02 6.277347e-19 4.275485e-02 0.000000e+00
3.320000e+00 4.228577e-02 -4.784741e-18 4.237803e-02 0.000000e+00
3.340000e+00 4.191330e-02 6.821856e-18 4.200558e-02 0.000000e+00
3.360000e+00 4.154515e-02 -1.186951e-18 4.163744e-02 0.000000e+00
3.380000e+00 4.118125e-02 -7.247953e-18 4.127355e-02 0.000000e+00
3.400000e+00 4.082155e-02 -7.652886e-19 4.091387e-02 0.000000e+00
3.420000e+00 4.046600e-02 -6.070115e-18 4.055833e-02 0.000000e+00
3.440000e+00 4.011455e-02 5.745349e-18 4.020689e-02 0.000000e+00
3.460000e+00 3.976713e-02 -4.498796e-18 3.985949e-02 0.000000e+00
3.480000e+00 3.942371e-02 9.615361e-19 3.951607e-02 0.000000e+00
3.500000e+00 3.908423e-02 6.047980e-18 3.917660e-02 0.000000e+00
3.520000e+00 3.874863e-02 1.969170e-19 3.884102e-02 0.000000e+00
3.540000e+00 3.841687e-02 -1.516637e-17 3.850927e-02 0.000000e+00
3.560000e+00 3.808890e-02 6.245271e-18 3.818130e-02 0.000000e+00
3.580000e+00 3.776466e-02 -5.271744e-18 3.785708e-02 0.000000e+00
3.600000e+00 3.744412e-02 -4.449493e-18 3.753654e-02 0.000000e+00
3.620000e+00 3.712722e-02 -5.184034e-18 3.721965e-02 0.000000e+00
3.640000e+00 3.681391e-02 -8.497616e-18 3.690635e-02 0.000000e+00
3.660000e+00 3.650415e-02 8.703424e-19 3.659660e-02 0.000000e+00
3.680000e+00 3.619789e-02 6.284834e-18 3.629035e-02 0.000000e+00
3.700000e+00 3.589509e-02 -6.055569e-18 3.598755e-02 0.000000e+00
3.720000e+00 3.559570e-02 -9.698673e-18 3.568817e-02 0.000000e+00
3.740000e+00 3.529967e-02 -4.770094e-18 3.539215e-02 0.000000e+00
3.760000e+00 3.500697e-02 4.307314e-19 3.509945e-02 0.000000e+00
3.780000e+00 3.471754e-02 -6.970910e-18 3.481003e-02 0.000000e+00
3.800000e+00 3.443135e-02 -2.096975e-18 3.452385e-02 0.000000e+00
3.820000e+00 3.414836e-02 -1.684155e-18 3.424086e-02 0.000000e+00
3.840000e+00 3.386852e-02 -2.828350e-18 3.396102e-02 0.000000e+00
3.860000e+00 3.359178e-02 -1.733305e-18 3.368430e-02 0.000000e+00
3.880000e+00 3.331812e-02 -9.314665e-18 3.341064e-02 0.000000e+00
3.900000e+00 3.304749e-02 -1.069054e-19 3.314002e-02 0.000000e+00
3.920000e+00 3.277985e-02 -2.718648e-18 3.287239e-02 0.000000e+00
3.940000e+00 3.251517e-02 4.394010e-18 3.260770e-02 0.000000e+00
3.960000e+00 3.225339e-02 1.609031e-18 3.234594e-02 0.000000e+00
3.980000e+00 3.199449e-02 8.023129e-18 3.208704e-02 0.000000e+00
4.000000e+00 3.173843e-02 -4.398690e-18 3.183099e-02 0.000000e+00
4.020000e+00 3.148518e-02 -9.481829e-18 3.157774e-02 0.000000e+00
4.040000e+00 3.123468e-02 6.959987e-18 3.132725e-02 0.000000e+00
4.060000e+00 3.098692e-02 -4.048464e-18 3.107949e-02 0.000000e+00
4.080000e+00 3.074184e-02 -8.765891e-18 3.083442e-02 0.000000e+00
4.100000e+00 3.049943e-02 -3.498535e-18 3.059201e-02 0.000000e+00
4.120000e+00 3.025964e-02 -6.550262e-19 3.035223e-02 0.000000e+00
4.140000e+00 3.002244e-02 -1.227759e-17 3.011503e-02 0.000000e+00
4.160000e+00 2.978779e-02 -1.324579e-17 2.988040e-02 0.000000e+00
4.180000e+00 2.955567e-02 -6.335907e-18 2.964828e-02 0.000000e+00
4.200000e+00 2.932604e-02 -4.408235e-18 2.941866e-02 0.000000e+00
4.220000e+00 2.909887e-02 -8.682473e-18 2.919149e-02 0.000000e+00
4.240000e+00 2.887413e-02 3.315039e-18 2.896676e-02 0.000000e+00
4.260000e+00 2.865178e-02 -8.779620e-18 2.874441e-02 0.000000e+00
4.280000e+00 2.843179e-02 -1.203821e-18 2.852444e-02 0.000000e+00
4.300000e+00 2.821414e-02 6.303465e-18 2.830679e-02 0.000000e+00
4.320000e+00 2.799879e-02 -5.727709e-19 2.809145e-02 0.000000e+00
4.340000e+00 2.778572e-02 -1.182924e-17 2.787839e-02 0.000000e+00
4.360000e+00 2.757489e-02 -3.186034e-18 2.766757e-02 0.000000e+00
4.380000e+00 2.736627e-02 -4.941589e-18 2.745897e-02 0.000000e+00
4.400000e+00 2.715985e-02 -8.129979e-18 2.725256e-02 0.000000e+00
4.420000e+00 2.695559e-02 -1.345449e-17 2.704831e-02 0.000000e+00
4.440000e+00 2.675345e-02 -1.188038e-17 2.684619e-02 0.000000e+00
4.460000e+00 2.655343e-02 -2.934451e-18 2.664618e-02 0.000000e+00
4.480000e+00 2.635548e-02 1.518552e-18 2.644824e-02 0.000000e+00
4.500000e+00 2.615958e-02 -7.468544e-18 2.625236e-02 0.000000e+00
4.520000e+00 2.596571e-02 -1.403838e-17 2.605851e-02 0.000000e+00
4.540000e+00 2.577384e-02 -1.068755e-17 2.586666e-02 0.000000e+00
4.560000e+00 2.558395e-02 -4.069281e-18 2.567678e-02 0.000000e+00
4.580000e+00 2.539600e-02 -1.074291e-17 2.548885e-02 0.000000e+00
4.600000e+00 2.520998e-02 -3.601087e-18 2.530285e-02 0.000000e+00
4.620000e+00 2.502586e-02 -1.195897e-17 2.511875e-02 0.000000e+00
4.640000e+00 2.484361e-02 -2.524695e-18 2.493654e-02 0.000000e+00
4.660000e+00 2.466322e-02 1.110154e-18 2.475617e-02 0.000000e+00
4.680000e+00 2.448466e-02 -8.273408e-18 2.457764e-02 0.000000e+00
4.700000e+00 2.430791e-02 -4.897280e-18 2.440091e-02 0.000000e+00
4.720000e+00 2.413294e-02 -3.564663e-18 2.422597e-02 0.000000e+00
4.740000e+00 2.395973e-02 -7.267224e-18 2.405280e-02 0.000000e+00
4.760000e+00 2.378827e-02 -5.886151e-18 2.388136e-02 0.000000e+00
4.780000e+00 2.361852e-02 7.645220e-18 2.371165e-02 0.000000e+00
4.800000e+00 2.345046e-02 -3.309778e-18 2.354363e-02 0.000000e+00
4.820000e+00 2.328409e-02 -6.385613e-18 2.337729e-02 0.000000e+00
4.840000e+00 2.311936e-02 -6.593985e-18 2.321261e-02 0.000000e+00
4.860000e+00 2.295627e-02 -8.439285e-18 2.304957e-02 0.000000e+00
4.880000e+00 2.279480e-02 -1.524353e-17 2.288814e-02 0.000000e+00
4.900000e+00 2.263492e-02 -7.647205e-18 2.272830e-02 0.000000e+00
4.920000e+00 2.247661e-02 -5.832150e-18 2.257005e-02 0.000000e+00
4.940000e+00 2.231986e-02 -9.207857e-18 2.241335e-02 0.000000e+00
4.960000e+00 2.216464e-02 -9.078959e-18 2.225819e-02 0.000000e+00
4.980000e+00 2.201094e-02 -1.210623e-17 2.210455e-02 0.000000e+00
5.000000e+00 2.185874e-02 -6.427348e-18 2.195241e-02 0.000000e+00
5.020000e+00 2.170802e-02 -7.444571e-18 2.180175e-02 0.000000e+00
5.040000e+00 2.155875e-02 -6.757249e-18 2.165256e-02 0.000000e+00
5.060000e+00 2.141094e-02 -1.077965e-17 2.150481e-02 0.000000e+00
5.080000e+00 2.126455e-02 -1.686400e-18 2.135849e-02 0.000000e+00
5.100000e+00 2.111956e-02 5.256958e-18 2.121359e-02 0.000000e+00
5.120000e+00 2.097597e-02 3.945203e-19 2.107008e-02 0.000000e+00
5.140000e+00 2.083375e-02 -1.889369e-17 2.092795e-02 0.000000e+00
5.160000e+00 2.069289e-02 2.920862e-18 2.078718e-02 0.000000e+00
5.180000e+00 2.055337e-02 -6.471797e-18 2.064775e-02 0.000000e+00
5.200000e+00 2.041518e-02 -2.421739e-18 2.050966e-02 0.000000e+00
5.220000e+00 2.027829e-02 3.886886e-19 2.037288e-02 0.000000e+00
5.240000e+00 2.014270e-02 -1.380103e-17 2.023739e-02 0.000000e+00
5.260000e+00 2.000839e-02 -1.526772e-18 2.010319e-02 0.000000e+00
5.280000e+00 1.987533e-02 -7.666431e-18 1.997025e-02 0.000000e+00
5.300000e+00 1.974353e-02 -4.705583e-18 1.983857e-02 0.000000e+00
5.320000e+00 1.961295e-02 -5.872022e-18 1.970813e-02 0.000000e+00
5.340000e+00 1.948359e-02 -4.676017e-18 1.957890e-02 0.000000e+00
5.360000e+00 1.935544e-02 -7.195050e-18 1.945089e-02 0.000000e+00
5.380000e+00 1.922847e-02 -8.935610e-18 1.932407e-02 0.000000e+00
5.400000e+00 1.910268e-02 -8.153634e-18 1.919842e-02 0.000000e+00
5.420000e+00 1.897804e-02 -9.273825e-18 1.907395e-02 0.000000e+00
5.440000e+00 1.885455e-02 -5.045887e-18 1.895063e-02 0.000000e+00
5.460000e+00 1.873220e-02 6.020225e-18 1.882844e-02 0.000000e+00
5.480000e+00 1.861096e-02 -1.139085e-18 1.870738e-02 0.000000e+00
5.500000e+00 1.849082e-02 -6.317078e-18 1.858744e-02 0.000000e+00
5.520000e+00 1.837178e-02 2.026656e-18 1.846859e-02 0.000000e+00
5.540000e+00 1.825382e-02 4.286614e-19 1.835083e-02 0.000000e+00
5.560000e+00 1.813692e-02 5.500728e-18 1.823415e-02 0.000000e+00
5.580000e+00 1.802108e-02 3.785313e-18 1.811853e-02 0.000000e+00
5.600000e+00 1.790628e-02 -1.458617e-18 1.800395e-02 0.000000e+00
5.620000e+00 1.779250e-02 -1.273778e-18 1.789042e-02 0.000000e+00
5.640000e+00 1.767974e-02 -1.058023e-17 1.777791e-02 0.000000e+00
5.660000e+00 1.756799e-02 -9.143201e-18 1.766641e-02 0.000000e+00
5.680000e+00 1.745723e-02 -4.115497e-18 1.755592e-02 0.000000e+00
5.700000e+00 1.734745e-02 -3.384353e-18 1.744642e-02 0.000000e+00
5.720000e+00 1.723863e-02 -5.118041e-18 1.733790e-02 0.000000e+00
5.740000e+00 1.713078e-02 6.402800e-18 1.723034e-02 0.000000e+00
5.760000e+00 1.702387e-02 -1.062224e-18 1.712375e-02 0.000000e+00
5.780000e+00 1.691789e-02 -5.223581e-18 1.701810e-02 0.000000e+00
5.800000e+00 1.681284e-02 -7.265958e-20 1.691338e-02 0.000000e+00
5.820000e+00 1.670870e-02 9.110320e-19 1.680960e-02 0.000000e+00
5.840000e+00 1.660547e-02 1.026611e-19 1.670672e-02 0.000000e+00
5.860000e+00 1.650312e-02 -1.149255e-17 1.660476e-02 0.000000e+00
5.880000e+00 1.640166e-02 8.790676e-18 1.650369e-02 0.000000e+00
5.900000e+00 1.630106e-02 6.266748e-18 1.640350e-02 0.000000e+00
5.920000e+00 1.620132e-02 4.778998e-18 1.630419e-02 0.000000e+00
5.940000e+00 1.610244e-02 -7.453830e-18 1.620574e-02 0.000000e+00
5.960000e+00 1.600439e-02 5.722185e-18 1.610815e-02 0.000000e+00
5.980000e+00 1.590717e-02 2.553946e-18 1.601140e-02 0.000000e+00
6.000000e+00 1.581077e-02 2.641323e-18 1.591549e-02 0.000000e+00
6.020000e+00 1.571519e-02 2.875375e-18 1.582041e-02 0.000000e+00
6.040000e+00 1.562040e-02 -5.574792e-18 1.572615e-02 0.000000e+00
6.060000e+00 1.552640e-02 5.736321e-19 1.563270e-02 0.000000e+00
6.080000e+00 1.543318e-02 6.975210e-19 1.554005e-02 0.000000e+00
6.100000e+00 1.534073e-02 -8.926841e-19 1.544819e-02 0.000000e+00
6.120000e+00 1.524904e-02 -3.757457e-18 1.535711e-02 0.000000e+00
6.140000e+00 1.515811e-02 -1.892163e-18 1.526681e-02 0.000000e+00
6.160000e+00 1.506792e-02 -2.068327e-18 1.517727e-02 0.000000e+00
6.180000e+00 1.497847e-02 -4.965228e-18 1.508849e-02 0.000000e+00
6.200000e+00 1.488973e-02 -6.825189e-18 1.500047e-02 0.000000e+00
6.220000e+00 1.480172e-02 -8.242408e-18 1.491318e-02 0.000000e+00
6.240000e+00 1.471442e-02 1.701330e-18 1.482663e-02 0.000000e+00
6.260000e+00 1.462781e-02 5.026695e-18 1.474080e-02 0.000000e+00
6.280000e+00 1.454189e-02 1.051382e-17 1.465569e-02 0.000000e+00
6.300000e+00 1.445666e-02 2.333799e-18 1.457129e-02 0.000000e+00
6.320000e+00 1.437209e-02 2.350040e-18 1.448760e-02 0.000000e+00
6.340000e+00 1.428820e-02 1.629119e-18 1.440460e-02 0.000000e+00
6.360000e+00 1.420496e-02 8.616707e-18 1.432228e-02 0.000000e+00
6.380000e+00 1.412236e-02 2.483931e-18 1.424065e-02 0.000000e+00
6.400000e+00 1.404041e-02 1.557591e-18 1.415969e-02 0.000000e+00
6.420000e+00 1.395909e-02 1.804059e-18 1.407940e-02 0.000000e+00
6.440000e+00 1.387839e-02 -7.071127e-18 1.399977e-02 0.000000e+00
6.460000e+00 1.379831e-02 -3.376129e-20 1.392079e-02 0.000000e+00
6.480000e+00 1.371883e-02 5.377536e-19 1.384245e-02 0.000000e+00
6.500000e+00 1.363996e-02 4.145191e-18 1.376475e-02 0.000000e+00
6.520000e+00 1.356167e-02 4.154662e-20 1.368769e-02 0.000000e+00
6.540000e+00 1.348397e-02 4.704795e-18 1.361125e-02 0.000000e+00
6.560000e+00 1.340685e-02 -7.301509e-20 1.353543e-02 0.000000e+00
6.580000e+00 1.333029e-02 3.842549e-18 1.346022e-02 0.000000e+00
6.600000e+00 1.325429e-02 -4.451907e-19 1.338561e-02 0.000000e+00
6.620000e+00 1.317885e-02 3.802972e-18 1.331161e-02 0.000000e+00
6.640000e+00 1.310395e-02 -7.971692e-19 1.323820e-02 0.000000e+00
6.660000e+00 1.302959e-02 -8.907671e-18 1.316538e-02 0.000000e+00
6.680000e+00 1.295576e-02 3.981821e-18 1.309314e-02 0.000000e+00
6.700000e+00 1.288245e-02 4.163737e-18 1.302147e-02 0.000000e+00
6.720000e+00 1.280966e-02 6.672362e-18 1.295038e-02 0.000000e+00
6.740000e+00 1.273737e-02 7.442168e-19 1.287984e-02 0.000000e+00
6.760000e+00 1.266559e-02 4.600637e-18 1.280987e-02 0.000000e+00
6.780000e+00 1.259430e-02 2.280187e-18 1.274045e-02 0.000000e+00
6.800000e+00 1.252349e-02 1.801977e-18 1.267157e-02 0.000000e+00
6.820000e+00 1.245317e-02 5.141782e-18 1.260324e-02 0.000000e+00
6.840000e+00 1.238331e-02 -2.936529e-18 1.253544e-02 0.000000e+00
6.860000e+00 1.231392e-02 -1.735720e-18 1.246817e-02 0.000000e+00
6.880000e+00 1.224499e-02 -2.019311e-18 1.240143e-02 0.000000e+00
6.900000e+00 1.217651e-02 -2.279680e-18 1.233520e-02 0.000000e+00
6.920000e+00 1.210847e-02 2.477520e-18 1.226949e-02 0.000000e+00
6.940000e+00 1.204088e-02 1.411304e-18 1.220429e-02 0.000000e+00
6.960000e+00 1.197371e-02 -2.729898e-18 1.213959e-02 0.000000e+00
6.980000e+00 1.190696e-02 -1.388812e-18 1.207540e-02 0.000000e+00
7.000000e+00 1.184063e-02 -3.886844e-18 1.201169e-02 0.000000e+00
7.020000e+00 1.177472e-02 -6.557853e-18 1.194848e-02 0.000000e+00
7.040000e+00 1.170921e-02 9.537528e-18 1.188575e-02 0.000000e+00
7.060000e+00 1.164409e-02 9.511747e-18 1.182350e-02 0.000000e+00
7.080000e+00 1.157937e-02 8.309844e-18 1.176172e-02 0.000000e+00
7.100000e+00 1.151504e-02 7.288512e-18 1.170042e-02 0.000000e+00
7.120000e+00 1.145108e-02 -1.634337e-18 1.163958e-02 0.000000e+00
7.140000e+00 1.138750e-02 -2.687548e-18 1.157920e-02 0.000000e+00
7.160000e+00 1.132429e-02 6.026577e-18 1.151928e-02 0.000000e+00
7.180000e+00 1.126144e-02 -9.131085e-18 1.145981e-02 0.000000e+00
7.200000e+00 1.119895e-02 2.349477e-18 1.140078e-02 0.000000e+00
7.220000e+00 1.113681e-02 1.052320e-17 1.134220e-02 0.000000e+00
7.240000e+00 1.107503e-02 -6.288716e-18 1.128406e-02 0.000000e+00
7.260000e+00 1.101358e-02 -2.067710e-18 1.122636e-02 0.000000e+00
7.280000e+00 1.095248e-02 6.098593e-18 1.116908e-02 0.000000e+00
7.300000e+00 1.089171e-02 -6.156846e-19 1.111223e-02 0.000000e+00
7.320000e+00 1.083128e-02 -2.277364e-18 1.105580e-02 0.000000e+00
7.340000e+00 1.077117e-02 5.874978e-21 1.099980e-02 0.000000e+00
7.360000e+00 1.071139e-02 1.109600e-17 1.094420e-02 0.000000e+00
7.380000e+00 1.065194e-02 5.281950e-18 1.088902e-02 0.000000e+00
7.400000e+00 1.059280e-02 2.130462e-18 1.083424e-02 0.000000e+00
7.420000e+00 1.053398e-02 2.795006e-18 1.077986e-02 0.000000e+00
7.440000e+00 1.047549e-02 -3.449901e-18 1.072588e-02 0.000000e+00
7.460000e+00 1.041730e-02 -7.918264e-18 1.067230e-02 0.000000e+00
7.480000e+00 1.035944e-02 9.649985e-19 1.061911e-02 0.000000e+00
7.500000e+00 1.030189e-02 2.634796e-18 1.056630e-02 0.000000e+00
7.520000e+00 1.024465e-02 8.893030e-18 1.051388e-02 0.000000e+00
7.540000e+00 1.018774e-02 -2.855973e-18 1.046184e-02 0.000000e+00
7.560000e+00 1.013114e-02 8.154500e-18 1.041018e-02 0.000000e+00
7.580000e+00 1.007487e-02 -3.084046e-18 1.035888e-02 0.000000e+00
7.600000e+00 1.001892e-02 4.956332e-18 1.030796e-02 0.000000e+00
7.620000e+00 9.963296e-03 6.629971e-18 1.025741e-02 0.000000e+00
7.640000e+00 9.908005e-03 -5.103152e-18 1.020721e-02 0.000000e+00
7.660000e+00 9.853051e-03 -1.102227e-17 1.015738e-02 0.000000e+00
7.680000e+00 9.798438e-03 6.901488e-18 1.010790e-02 0.000000e+00
7.700000e+00 9.744173e-03 5.678568e-18 1.005877e-02 0.000000e+00
7.720000e+00 9.690261e-03 1.025389e-17 1.001000e-02 0.000000e+00
7.740000e+00 9.636710e-03 -1.589021e-18 9.961566e-03 0.000000e+00
7.760000e+00 9.583527e-03 7.859695e-18 9.913478e-03 0.000000e+00
7.780000e+00 9.530720e-03 -1.772603e-18 9.865730e-03 0.000000e+00
7.800000e+00 9.478298e-03 2.209376e-18 9.818319e-03 0.000000e+00
7.820000e+00 9.426271e-03 -1.082219e-17 9.771241e-03 0.000000e+00
7.840000e+00 9.374646e-03 9.728194e-18 9.724493e-03 0.000000e+00
7.860000e+00 9.323436e-03 1.041313e-17 9.678073e-03 0.000000e+00
7.880000e+00 9.272649e-03 1.033855e-17 9.631977e-03 0.000000e+00
7.900000e+00 9.222296e-03 7.089512e-18 9.586203e-03 0.000000e+00
7.920000e+00 9.172388e-03 7.220840e-18 9.540748e-03 0.000000e+00
7.940000e+00 9.122937e-03 2.703255e-18 9.495608e-03 0.000000e+00
7.960000e+00 9.073952e-03 3.205055e-18 9.450782e-03 0.000000e+00
7.980000e+00 9.025446e-03 -5.452480e-18 9.406265e-03 0.000000e+00
8.000000e+00 8.977429e-03 7.067718e-18 9.362055e-03 0.000000e+00
8.020000e+00 8.929912e-03 1.260865e-17 9.318151e-03 0.000000e+00
8.040000e+00 8.882907e-03 -8.189556e-18 9.274547e-03 0.000000e+00
8.060000e+00 8.836424e-03 4.216852e-18 9.231243e-03 0.000000e+00
8.080000e+00 8.790472e-03 -4.427886e-18 9.188236e-03 0.000000e+00
8.100000e+00 8.745064e-03 2.628602e-18 9.145522e-03 0.000000e+00
8.120000e+00 8.700207e-03 -3.399425e-18 9.103099e-03 0.000000e+00
8.140000e+00 8.655912e-03 6.994347e-18 9.060965e-03 0.000000e+00
8.160000e+00 8.612186e-03 6.546242e-18 9.019117e-03 0.000000e+00
8.180000e+00 8.569039e-03 6.802213e-18 8.977552e-03 0.000000e+00
8.200000e+00 8.526477e-03 7.474268e-18 8.936269e-03 0.000000e+00
8.220000e+00 8.484508e-03 1.248985e-17 8.895263e-03 0.000000e+00
8.240000e+00 8.443138e-03 -8.342244e-18 8.854534e-03 0.000000e+00
8.260000e+00 8.402373e-03 -3.409023e-18 8.814079e-03 0.000000e+00
8.280000e+00 8.362217e-03 -3.170978e-18 8.773895e-03 0.000000e+00
8.300000e+00 8.322676e-03 -2.518770e-18 8.733980e-03 0.000000e+00
8.320000e+00 8.283753e-03 9.159802e-18 8.694331e-03 0.000000e+00
8.340000e+00 8.245450e-03 3.560668e-18 8.654946e-03 0.000000e+00
8.360000e+00 8.207770e-03 2.920144e-18 8.615824e-03 0.000000e+00
8.380000e+00 8.170716e-03 9.688967e-18 8.576961e-03 0.000000e+00
8.400000e+00 8.134286e-03 5.677649e-18 8.538355e-03 0.000000e+00
8.420000e+00 8.098483e-03 3.182860e-18 8.500005e-03 0.000000e+00
8.440000e+00 8.063306e-03 -7.902577e-18 8.461908e-03 0.000000e+00
8.460000e+00 8.028753e-03 -3.521773e-18 8.424061e-03 0.000000e+00
8.480000e+00 7.994825e-03 1.474199e-18 8.386463e-03 0.000000e+00
8.500000e+00 7.961517e-03 5.195298e-18 8.349112e-03 0.000000e+00
8.520000e+00 7.928829e-03 -8.345082e-19 8.312005e-03 0.000000e+00
8.540000e+00 7.896757e-03 -2.017306e-18 8.275140e-03 0.000000e+00
8.560000e+00 7.865299e-03 -1.685042e-18 8.238516e-03 0.000000e+00
8.580000e+00 7.834449e-03 -1.448446e-18 8.202130e-03 0.000000e+00
8.600000e+00 7.804204e-03 -8.229827e-18 8.165980e-03 0.000000e+00
8.620000e+00 7.774560e-03 -8.385168e-18 8.130064e-03 0.000000e+00
8.640000e+00 7.745512e-03 4.413173e-18 8.094380e-03 0.000000e+00
8.660000e+00 7.717055e-03 2.457243e-18 8.058927e-03 0.000000e+00
8.680000e+00 7.689183e-03 -4.833666e-18 8.023702e-03 0.000000e+00
8.700000e+00 7.661892e-03 7.411148e-18 7.988703e-03 0.000000e+00
8.720000e+00 7.635175e-03 8.183666e-19 7.953929e-03 0.000000e+00
8.740000e+00 7.609026e-03 3.855375e-18 7.919378e-03 0.000000e+00
8.760000e+00 7.583440e-03 -1.650507e-18 7.885047e-03 0.000000e+00
8.780000e+00 7.558411e-03 -1.527344e-17 7.850935e-03 0.000000e+00
8.800000e+00 7.533932e-03 -4.886548e-19 7.817040e-03 0.000000e+00
8.820000e+00 7.509997e-03 7.845311e-18 7.783361e-03 0.000000e+00
8.840000e+00 7.486600e-03 -7.774501e-18 7.749895e-03 0.000000e+00
8.860000e+00 7.463734e-03 -5.929313e-18 7.716641e-03 0.000000e+00
8.880000e+00 7.441394e-03 -4.172267e-18 7.683596e-03 0.000000e+00
8.900000e+00 7.419572e-03 4.831813e-18 7.650760e-03 0.000000e+00
8.920000e+00 7.398263e-03 -4.918155e-18 7.618131e-03 0.000000e+00
8.940000e+00 7.377461e-03 -5.240107e-19 7.585706e-03 0.000000e+00
8.960000e+00 7.357159e-03 3.291773e-18 7.553485e-03 0.000000e+00
8.980000e+00 7.337351e-03 2.842333e-18 7.521465e-03 0.000000e+00
9.000000e+00 7.318030e-03 -8.985563e-18 7.489644e-03 0.000000e+00
9.020000e+00 7.299192e-03 -2.572095e-19 7.458022e-03 0.000000e+00
9.040000e+00 7.280829e-03 -5.420690e-18 7.426597e-03 0.000000e+00
9.060000e+00 7.262937e-03 -5.742600e-18 7.395367e-03 0.000000e+00
9.080000e+00 7.245510e-03 -9.993049e-18 7.364329e-03 0.000000e+00
9.100000e+00 7.228541e-03 -4.047995e-18 7.333484e-03 0.000000e+00
9.120000e+00 7.212025e-03 1.138011e-18 7.302829e-03 0.000000e+00
9.140000e+00 7.195957e-03 9.772545e-18 7.272363e-03 0.000000e+00
9.160000e+00 7.180332e-03 -7.601459e-18 7.242084e-03 0.000000e+00
9.180000e+00 7.165145e-03 -3.817088e-18 7.211991e-03 0.000000e+00
9.200000e+00 7.150390e-03 1.201037e-18 7.182082e-03 0.000000e+00
9.220000e+00 7.136062e-03 4.268183e-18 7.152356e-03 0.000000e+00
9.240000e+00 7.122157e-03 -3.547425e-18 7.122811e-03 0.000000e+00
9.260000e+00 7.108671e-03 -2.970032e-18 7.093446e-03 0.000000e+00
9.280000e+00 7.095597e-03 -5.622935e-18 7.064260e-03 0.000000e+00
9.300000e+00 7.082933e-03 1.132145e-18 7.035250e-03 0.000000e+00
9.320000e+00 7.070674e-03 -4.243772e-18 7.006416e-03 0.000000e+00
9.340000e+00 7.058816e-03 -5.452512e-18 6.977756e-03 0.000000e+00
9.360000e+00 7.047355e-03 4.410666e-18 6.949269e-03 0.000000e+00
9.380000e+00 7.036287e-03 1.880489e-18 6.920954e-03 0.000000e+00
9.400000e+00 7.025607e-03 1.114575e-21 6.892808e-03 0.000000e+00
9.420000e+00 7.015314e-03 -5.039208e-18 6.864832e-03 0.000000e+00
9.440000e+00 7.005403e-03 1.732035e-18 6.837022e-03 0.000000e+00
9.460000e+00 6.995870e-03 8.110631e-18 6.809379e-03 0.000000e+00
9.480000e+00 6.986713e-03 9.035460e-19 6.781901e-03 0.000000e+00
9.500000e+00 6.977929e-03 4.258852e-18 6.754586e-03 0.000000e+00
9.520000e+00 6.969515e-03 -5.782735e-18 6.727434e-03 0.000000e+00
9.540000e+00 6.961467e-03 3.405972e-18 6.700443e-03 0.000000e+00
9.560000e+00 6.953783e-03 1.024077e-18 6.673611e-03 0.000000e+00
9.580000e+00 6.946461e-03 -5.502419e-18 6.646938e-03 0.000000e+00
9.600000e+00 6.939497e-03 -3.495176e-18 6.620422e-03 0.000000e+00
9.620000e+00 6.932891e-03 9.773912e-18 6.594062e-03 0.000000e+00
9.640000e+00 6.926639e-03 -7.022067e-18 6.567857e-03 0.000000e+00
9.660000e+00 6.920740e-03 -5.749252e-18 6.541806e-03 0.000000e+00
9.680000e+00 6.915191e-03 4.464705e-18 6.515907e-03 0.000000e+00
9.700000e+00 6.909991e-03 6.055220e-18 6.490160e-03 0.000000e+00
9.720000e+00 6.905138e-03 -7.296111e-18 6.464563e-03 0.000000e+00
9.740000e+00 6.900630e-03 -2.019242e-18 6.439114e-03 0.000000e+00
9.760000e+00 6.896466e-03 -4.296351e-19 6.413814e-03 0.000000e+00
9.780000e+00 6.892644e-03 6.043297e-19 6.388660e-03 0.000000e+00
9.800000e+00 6.889164e-03 -4.264638e-18 6.363652e-03 0.000000e+00
9.820000e+00 6.886023e-03 -2.451818e-20 6.338789e-03 0.000000e+00
9.840000e+00 6.883222e-03 -9.891437e-18 6.314069e-03 0.000000e+00
9.860000e+00 6.880759e-03 -2.187543e-18 6.289491e-03 0.000000e+00
9.880000e+00 6.878633e-03 -5.798795e-18 6.265055e-03 0.000000e+00
9.900000e+00 6.876844e-03 -4.890966e-18 6.240758e-03 0.000000e+00
9.920000e+00 6.875391e-03 2.507206e-18 6.216601e-03 0.000000e+00
9.940000e+00 6.874274e-03 1.078640e-17 6.192582e-03 0.000000e+00
9.960000e+00 6.873492e-03 -7.986496e-18 6.168701e-03 0.000000e+00
9.980000e+00 6.873044e-03 -6.399618e-18 6.144955e-03 0.000000e+00
