# "w" "numerical(real, imag)" "exact(real, imag)"
-2.000000e+01 2.332801e-03 -4.068903e-18 9.362055e-04 0.000000e+00
-1.996000e+01 2.319257e-03 -9.056126e-18 9.390758e-04 0.000000e+00
-1.992000e+01 2.305983e-03 -4.175562e-18 9.419593e-04 0.000000e+00
-1.988000e+01 2.292969e-03 7.261143e-18 9.448560e-04 0.000000e+00
-1.984000e+01 2.280210e-03 -5.994496e-19 9.477661e-04 0.000000e+00
-1.980000e+01 2.267696e-03 -4.557797e-18 9.506896e-04 0.000000e+00
-1.976000e+01 2.255421e-03 -4.230199e-18 9.536266e-04 0.000000e+00
-1.972000e+01 2.243379e-03 -2.601603e-18 9.565773e-04 0.000000e+00
-1.968000e+01 2.231561e-03 -7.698891e-18 9.595416e-04 0.000000e+00
-1.964000e+01 2.219964e-03 -9.976092e-18 9.625197e-04 0.000000e+00
-1.960000e+01 2.208580e-03 -1.626524e-18 9.655117e-04 0.000000e+00
-1.956000e+01 2.197403e-03 2.819156e-18 9.685176e-04 0.000000e+00
-1.952000e+01 2.186429e-03 -2.492519e-18 9.715375e-04 0.000000e+00
-1.948000e+01 2.175652e-03 -4.358053e-19 9.745716e-04 0.000000e+00
-1.944000e+01 2.165067e-03 -4.115557e-18 9.776198e-04 0.000000e+00
-1.940000e+01 2.154669e-03 -1.030644e-19 9.806824e-04 0.000000e+00
-1.936000e+01 2.144454e-03 -2.598605e-18 9.837593e-04 0.000000e+00
-1.932000e+01 2.134417e-03 -6.393403e-18 9.868507e-04 0.000000e+00
-1.928000e+01 2.124555e-03 -2.382853e-18 9.899567e-04 0.000000e+00
-1.924000e+01 2.114862e-03 2.714689e-18 9.930773e-04 0.000000e+00
-1.920000e+01 2.105335e-03 2.064467e-18 9.962127e-04 0.000000e+00
-1.916000e+01 2.095970e-03 -4.984309e-18 9.993629e-04 0.000000e+00
-1.912000e+01 2.086764e-03 1.088490e-18 1.002528e-03 0.000000e+00
-1.908000e+01 2.077714e-03 -2.491658e-18 1.005708e-03 0.000000e+00
-1.904000e+01 2.068815e-03 -2.708456e-18 1.008904e-03 0.000000e+00
-1.900000e+01 2.060065e-03 -4.442948e-18 1.012114e-03 0.000000e+00
-1.896000e+01 2.051460e-03 -8.668132e-19 1.015340e-03 0.000000e+00
-1.892000e+01 2.042998e-03 -1.624664e-18 1.018581e-03 0.000000e+00
-1.888000e+01 2.034675e-03 -1.299837e-18 1.021838e-03 0.000000e+00
-1.884000e+01 2.026489e-03 -7.477047e-18 1.025110e-03 0.000000e+00
-1.880000e+01 2.018438e-03 -3.362654e-18 1.028398e-03 0.000000e+00
-1.876000e+01 2.010518e-03 -2.205341e-19 1.031702e-03 0.000000e+00
-1.872000e+01 2.002727e-03 -6.506915e-18 1.035022e-03 0.000000e+00
-1.868000e+01 1.995063e-03 -5.205474e-18 1.038358e-03 0.000000e+00
-1.864000e+01 1.987524e-03 3.684980e-18 1.041710e-03 0.000000e+00
-1.860000e+01 1.980106e-03 -2.387895e-18 1.045078e-03 0.000000e+00
-1.856000e+01 1.972809e-03 -2.822434e-18 1.048463e-03 0.000000e+00
-1.852000e+01 1.965630e-03 -8.678323e-19 1.051864e-03 0.000000e+00
-1.848000e+01 1.958566e-03 -6.185245e-18 1.055281e-03 0.000000e+00
-1.844000e+01 1.951616e-03 -2.931826e-18 1.058715e-03 0.000000e+00
-1.840000e+01 1.944779e-03 -3.965721e-18 1.062166e-03 0.000000e+00
-1.836000e+01 1.938051e-03 8.703853e-19 1.065634e-03 0.000000e+00
-1.832000e+01 1.931433e-03 -7.051027e-18 1.069118e-03 0.000000e+00
-1.828000e+01 1.924920e-03 6.385362e-18 1.072620e-03 0.000000e+00
-1.824000e+01 1.918513e-03 -9.233977e-19 1.076139e-03 0.000000e+00
-1.820000e+01 1.912209e-03 -7.241135e-18 1.079675e-03 0.000000e+00
-1.816000e+01 1.906008e-03 5.099148e-18 1.083229e-03 0.000000e+00
-1.812000e+01 1.899906e-03 -5.799169e-18 1.086800e-03 0.000000e+00
-1.808000e+01 1.893904e-03 -6.103160e-18 1.090389e-03 0.000000e+00
-1.804000e+01 1.887999e-03 -6.792251e-18 1.093996e-03 0.000000e+00
-1.800000e+01 1.882190e-03 -6.574201e-18 1.097620e-03 0.000000e+00
-1.796000e+01 1.876476e-03 5.377246e-18 1.101263e-03 0.000000e+00
-1.792000e+01 1.870856e-03 -8.519559e-19 1.104923e-03 0.000000e+00
-1.788000e+01 1.865328e-03 1.207530e-18 1.108602e-03 0.000000e+00
-1.784000e+01 1.859890e-03 1.735053e-19 1.112300e-03 0.000000e+00
-1.780000e+01 1.854543e-03 7.133238e-19 1.116015e-03 0.000000e+00
-1.776000e+01 1.849285e-03 -5.477232e-18 1.119750e-03 0.000000e+00
-1.772000e+01 1.844114e-03 -7.446313e-18 1.123503e-03 0.000000e+00
-1.768000e+01 1.839030e-03 -5.530144e-18 1.127275e-03 0.000000e+00
-1.764000e+01 1.834031e-03 1.561984e-18 1.131066e-03 0.000000e+00
-1.760000e+01 1.829117e-03 -4.931430e-18 1.134876e-03 0.000000e+00
-1.756000e+01 1.824287e-03 -4.105372e-18 1.138705e-03 0.000000e+00
-1.752000e+01 1.819539e-03 -1.603894e-18 1.142553e-03 0.000000e+00
-1.748000e+01 1.814872e-03 -4.917797e-19 1.146421e-03 0.000000e+00
-1.744000e+01 1.810287e-03 2.309127e-18 1.150309e-03 0.000000e+00
-1.740000e+01 1.805782e-03 1.181617e-18 1.154217e-03 0.000000e+00
-1.736000e+01 1.801355e-03 -1.791521e-18 1.158144e-03 0.000000e+00
-1.732000e+01 1.797007e-03 5.638857e-18 1.162092e-03 0.000000e+00
-1.728000e+01 1.792737e-03 1.798481e-19 1.166059e-03 0.000000e+00
-1.724000e+01 1.788543e-03 3.446544e-18 1.170047e-03 0.000000e+00
-1.720000e+01 1.784425e-03 -2.132015e-18 1.174055e-03 0.000000e+00
-1.716000e+01 1.780382e-03 4.191955e-18 1.178084e-03 0.000000e+00
-1.712000e+01 1.776415e-03 -7.204371e-18 1.182134e-03 0.000000e+00
-1.708000e+01 1.772521e-03 -3.712897e-18 1.186204e-03 0.000000e+00
-1.704000e+01 1.768700e-03 3.437767e-18 1.190296e-03 0.000000e+00
-1.700000e+01 1.764952e-03 2.759791e-18 1.194409e-03 0.000000e+00
-1.696000e+01 1.761276e-03 -5.125212e-18 1.198543e-03 0.000000e+00
-1.692000e+01 1.757672e-03 6.445496e-18 1.202698e-03 0.000000e+00
-1.688000e+01 1.754138e-03 -2.982515e-18 1.206875e-03 0.000000e+00
-1.684000e+01 1.750675e-03 -1.407853e-18 1.211074e-03 0.000000e+00
-1.680000e+01 1.747281e-03 9.274122e-19 1.215294e-03 0.000000e+00
-1.676000e+01 1.743957e-03 1.411464e-18 1.219537e-03 0.000000e+00
-1.672000e+01 1.740702e-03 -5.142431e-18 1.223802e-03 0.000000e+00
-1.668000e+01 1.737515e-03 6.756405e-18 1.228089e-03 0.000000e+00
-1.664000e+01 1.734397e-03 -3.822052e-18 1.232399e-03 0.000000e+00
-1.660000e+01 1.731345e-03 -5.836007e-18 1.236731e-03 0.000000e+00
-1.656000e+01 1.728361e-03 -3.652628e-19 1.241086e-03 0.000000e+00
-1.652000e+01 1.725443e-03 1.184557e-18 1.245465e-03 0.000000e+00
-1.648000e+01 1.722592e-03 -8.459017e-19 1.249866e-03 0.000000e+00
-1.644000e+01 1.719806e-03 2.758024e-18 1.254291e-03 0.000000e+00
-1.640000e+01 1.717087e-03 -5.656132e-18 1.258739e-03 0.000000e+00
-1.636000e+01 1.714432e-03 -1.269620e-18 1.263211e-03 0.000000e+00
-1.632000e+01 1.711842e-03 -2.336299e-19 1.267706e-03 0.000000e+00
-1.628000e+01 1.709318e-03 7.367189e-19 1.272226e-03 0.000000e+00
-1.624000e+01 1.706857e-03 -7.465836e-18 1.276770e-03 0.000000e+00
-1.620000e+01 1.704461e-03 5.045437e-18 1.281338e-03 0.000000e+00
-1.616000e+01 1.702128e-03 -1.663459e-18 1.285930e-03 0.000000e+00
-1.612000e+01 1.699859e-03 9.411381e-19 1.290547e-03 0.000000e+00
-1.608000e+01 1.697654e-03 -1.521149e-18 1.295189e-03 0.000000e+00
-1.604000e+01 1.695511e-03 -2.089655e-18 1.299856e-03 0.000000e+00
-1.600000e+01 1.693432e-03 -2.214972e-18 1.304549e-03 0.000000e+00
-1.596000e+01 1.691416e-03 -6.402716e-18 1.309266e-03 0.000000e+00
-1.592000e+01 1.689462e-03 -8.279377e-18 1.314010e-03 0.000000e+00
-1.588000e+01 1.687572e-03 -3.802456e-18 1.318779e-03 0.000000e+00
-1.584000e+01 1.685743e-03 7.154479e-18 1.323573e-03 0.000000e+00
-1.580000e+01 1.683977e-03 2.995360e-18 1.328394e-03 0.000000e+00
-1.576000e+01 1.682274e-03 -4.780436e-18 1.333242e-03 0.000000e+00
-1.572000e+01 1.680633e-03 -1.620815e-18 1.338116e-03 0.000000e+00
-1.568000e+01 1.679054e-03 3.708384e-18 1.343016e-03 0.000000e+00
-1.564000e+01 1.677537e-03 1.241771e-19 1.347944e-03 0.000000e+00
-1.560000e+01 1.676083e-03 -1.189665e-18 1.352898e-03 0.000000e+00
-1.556000e+01 1.674691e-03 4.397249e-19 1.357880e-03 0.000000e+00
-1.552000e+01 1.673361e-03 -3.258369e-18 1.362889e-03 0.000000e+00
-1.548000e+01 1.672093e-03 3.870221e-18 1.367926e-03 0.000000e+00
-1.544000e+01 1.670888e-03 -5.058603e-18 1.372991e-03 0.000000e+00
-1.540000e+01 1.669746e-03 2.476810e-18 1.378084e-03 0.000000e+00
-1.536000e+01 1.668666e-03 -7.097212e-18 1.383205e-03 0.000000e+00
-1.532000e+01 1.667649e-03 1.545356e-18 1.388355e-03 0.000000e+00
-1.528000e+01 1.666696e-03 -1.629500e-18 1.393534e-03 0.000000e+00
-1.524000e+01 1.665805e-03 -4.620084e-18 1.398741e-03 0.000000e+00
-1.520000e+01 1.664977e-03 1.709356e-18 1.403978e-03 0.000000e+00
-1.516000e+01 1.664214e-03 1.588458e-18 1.409244e-03 0.000000e+00
-1.512000e+01 1.663514e-03 -4.861033e-18 1.414540e-03 0.000000e+00
-1.508000e+01 1.662878e-03 6.220096e-18 1.419865e-03 0.000000e+00
-1.504000e+01 1.662307e-03 -3.082146e-18 1.425220e-03 0.000000e+00
-1.500000e+01 1.661801e-03 -3.540147e-18 1.430606e-03 0.000000e+00
-1.496000e+01 1.661360e-03 1.603146e-18 1.436022e-03 0.000000e+00
-1.492000e+01 1.660984e-03 3.689275e-18 1.441469e-03 0.000000e+00
-1.488000e+01 1.660674e-03 -9.504725e-19 1.446947e-03 0.000000e+00
-1.484000e+01 1.660431e-03 8.505821e-20 1.452456e-03 0.000000e+00
-1.480000e+01 1.660255e-03 -4.914567e-18 1.457997e-03 0.000000e+00
-1.476000e+01 1.660147e-03 4.746996e-18 1.463569e-03 0.000000e+00
-1.472000e+01 1.660106e-03 -3.064140e-18 1.469173e-03 0.000000e+00
-1.468000e+01 1.660134e-03 -3.705602e-19 1.474809e-03 0.000000e+00
-1.464000e+01 1.660232e-03 -5.733055e-18 1.480478e-03 0.000000e+00
-1.460000e+01 1.660399e-03 5.282440e-18 1.486179e-03 0.000000e+00
-1.456000e+01 1.660637e-03 -1.058212e-18 1.491913e-03 0.000000e+00
-1.452000e+01 1.660947e-03 -2.996651e-18 1.497681e-03 0.000000e+00
-1.448000e+01 1.661329e-03 4.612828e-19 1.503481e-03 0.000000e+00
-1.444000e+01 1.661784e-03 1.400046e-18 1.509316e-03 0.000000e+00
-1.440000e+01 1.662314e-03 -4.309177e-18 1.515184e-03 0.000000e+00
-1.436000e+01 1.662918e-03 2.410721e-18 1.521087e-03 0.000000e+00
-1.432000e+01 1.663598e-03 -3.185038e-18 1.527024e-03 0.000000e+00
-1.428000e+01 1.664356e-03 -3.609528e-19 1.532995e-03 0.000000e+00
-1.424000e+01 1.665192e-03 -4.050404e-19 1.539002e-03 0.000000e+00
-1.420000e+01 1.666108e-03 -5.455134e-18 1.545044e-03 0.000000e+00
-1.416000e+01 1.667104e-03 -4.223387e-18 1.551121e-03 0.000000e+00
-1.412000e+01 1.668183e-03 -2.440950e-18 1.557234e-03 0.000000e+00
-1.408000e+01 1.669345e-03 -4.636609e-18 1.563384e-03 0.000000e+00
-1.404000e+01 1.670592e-03 -4.252068e-18 1.569569e-03 0.000000e+00
-1.400000e+01 1.671926e-03 8.197381e-19 1.575792e-03 0.000000e+00
-1.396000e+01 1.673349e-03 -4.381877e-18 1.582051e-03 0.000000e+00
-1.392000e+01 1.674861e-03 1.993028e-18 1.588347e-03 0.000000e+00
-1.388000e+01 1.676466e-03 2.620301e-18 1.594681e-03 0.000000e+00
-1.384000e+01 1.678165e-03 -4.670196e-18 1.601053e-03 0.000000e+00
-1.380000e+01 1.679960e-03 4.587457e-19 1.607463e-03 0.000000e+00
-1.376000e+01 1.681853e-03 -1.244500e-17 1.613912e-03 0.000000e+00
-1.372000e+01 1.683847e-03 -2.847340e-18 1.620399e-03 0.000000e+00
-1.368000e+01 1.685944e-03 -5.655015e-18 1.626925e-03 0.000000e+00
-1.364000e+01 1.688147e-03 -7.299282e-18 1.633491e-03 0.000000e+00
-1.360000e+01 1.690458e-03 -1.556762e-18 1.640096e-03 0.000000e+00
-1.356000e+01 1.692881e-03 -4.672204e-19 1.646742e-03 0.000000e+00
-1.352000e+01 1.695417e-03 -6.966124e-18 1.653427e-03 0.000000e+00
-1.348000e+01 1.698072e-03 8.490088e-18 1.660154e-03 0.000000e+00
-1.344000e+01 1.700846e-03 -2.864349e-18 1.666921e-03 0.000000e+00
-1.340000e+01 1.703746e-03 -2.698099e-18 1.673730e-03 0.000000e+00
-1.336000e+01 1.706773e-03 -3.416926e-18 1.680580e-03 0.000000e+00
-1.332000e+01 1.709931e-03 -5.144266e-18 1.687472e-03 0.000000e+00
-1.328000e+01 1.713226e-03 -6.090897e-18 1.694407e-03 0.000000e+00
-1.324000e+01 1.716660e-03 2.208717e-18 1.701384e-03 0.000000e+00
-1.320000e+01 1.720238e-03 -8.551573e-18 1.708404e-03 0.000000e+00
-1.316000e+01 1.723965e-03 -2.999009e-18 1.715468e-03 0.000000e+00
-1.312000e+01 1.727846e-03 -2.459324e-18 1.722575e-03 0.000000e+00
-1.308000e+01 1.731885e-03 -3.316910e-18 1.729727e-03 0.000000e+00
-1.304000e+01 1.736086e-03 -3.653682e-18 1.736923e-03 0.000000e+00
-1.300000e+01 1.740456e-03 -3.538782e-18 1.744164e-03 0.000000e+00
-1.296000e+01 1.745000e-03 2.141292e-18 1.751450e-03 0.000000e+00
-1.292000e+01 1.749722e-03 -1.435058e-18 1.758781e-03 0.000000e+00
-1.288000e+01 1.754627e-03 -8.362413e-18 1.766159e-03 0.000000e+00
-1.284000e+01 1.759722e-03 1.204344e-18 1.773583e-03 0.000000e+00
-1.280000e+01 1.765011e-03 -9.668431e-18 1.781054e-03 0.000000e+00
-1.276000e+01 1.770499e-03 8.635668e-20 1.788571e-03 0.000000e+00
-1.272000e+01 1.776192e-03 7.255554e-19 1.796137e-03 0.000000e+00
-1.268000e+01 1.782092e-03 -1.083055e-18 1.803750e-03 0.000000e+00
-1.264000e+01 1.788205e-03 -1.327876e-17 1.811411e-03 0.000000e+00
-1.260000e+01 1.794535e-03 -1.161472e-17 1.819122e-03 0.000000e+00
-1.256000e+01 1.801083e-03 -2.212888e-18 1.826881e-03 0.000000e+00
-1.252000e+01 1.807852e-03 -2.112634e-18 1.834690e-03 0.000000e+00
-1.248000e+01 1.814845e-03 -6.619377e-18 1.842549e-03 0.000000e+00
-1.244000e+01 1.822060e-03 -3.531250e-18 1.850458e-03 0.000000e+00
-1.240000e+01 1.829497e-03 -5.419241e-18 1.858418e-03 0.000000e+00
-1.236000e+01 1.837154e-03 -1.219080e-17 1.866430e-03 0.000000e+00
-1.232000e+01 1.845029e-03 4.559777e-18 1.874493e-03 0.000000e+00
-1.228000e+01 1.853116e-03 3.608736e-20 1.882608e-03 0.000000e+00
-1.224000e+01 1.861409e-03 3.250034e-18 1.890776e-03 0.000000e+00
-1.220000e+01 1.869902e-03 -1.152299e-18 1.898997e-03 0.000000e+00
-1.216000e+01 1.878586e-03 -4.620071e-18 1.907272e-03 0.000000e+00
-1.212000e+01 1.887452e-03 -9.170061e-19 1.915600e-03 0.000000e+00
-1.208000e+01 1.896488e-03 -7.209794e-18 1.923983e-03 0.000000e+00
-1.204000e+01 1.905683e-03 -7.019493e-18 1.932421e-03 0.000000e+00
-1.200000e+01 1.915026e-03 -4.520059e-18 1.940914e-03 0.000000e+00
-1.196000e+01 1.924502e-03 -3.352463e-18 1.949463e-03 0.000000e+00
-1.192000e+01 1.934101e-03 -3.896733e-18 1.958069e-03 0.000000e+00
-1.188000e+01 1.943810e-03 -1.216230e-18 1.966731e-03 0.000000e+00
-1.184000e+01 1.953615e-03 -2.717949e-18 1.975451e-03 0.000000e+00
-1.180000e+01 1.963506e-03 1.873593e-18 1.984228e-03 0.000000e+00
-1.176000e+01 1.973472e-03 -1.126803e-18 1.993064e-03 0.000000e+00
-1.172000e+01 1.983502e-03 -7.052071e-18 2.001959e-03 0.000000e+00
-1.168000e+01 1.993589e-03 -2.383581e-18 2.010913e-03 0.000000e+00
-1.164000e+01 2.003722e-03 -2.171454e-18 2.019928e-03 0.000000e+00
-1.160000e+01 2.013897e-03 -4.365486e-18 2.029002e-03 0.000000e+00
-1.156000e+01 2.024107e-03 -5.406325e-18 2.038138e-03 0.000000e+00
-1.152000e+01 2.034347e-03 2.356126e-19 2.047335e-03 0.000000e+00
-1.148000e+01 2.044613e-03 -2.405598e-18 2.056595e-03 0.000000e+00
-1.144000e+01 2.054904e-03 5.617673e-19 2.065917e-03 0.000000e+00
-1.140000e+01 2.065216e-03 -1.049902e-17 2.075302e-03 0.000000e+00
-1.136000e+01 2.075548e-03 -1.338255e-18 2.084752e-03 0.000000e+00
-1.132000e+01 2.085901e-03 -3.817055e-18 2.094265e-03 0.000000e+00
-1.128000e+01 2.096273e-03 -4.993651e-18 2.103844e-03 0.000000e+00
-1.124000e+01 2.106667e-03 -4.071422e-18 2.113488e-03 0.000000e+00
-1.120000e+01 2.117081e-03 -1.367042e-17 2.123198e-03 0.000000e+00
-1.116000e+01 2.127519e-03 -7.473098e-19 2.132975e-03 0.000000e+00
-1.112000e+01 2.137981e-03 -6.199969e-19 2.142820e-03 0.000000e+00
-1.108000e+01 2.148470e-03 -4.152308e-18 2.152732e-03 0.000000e+00
-1.104000e+01 2.158986e-03 -7.537564e-18 2.162713e-03 0.000000e+00
-1.100000e+01 2.169533e-03 -7.694752e-18 2.172764e-03 0.000000e+00
-1.096000e+01 2.180113e-03 -2.975600e-18 2.182884e-03 0.000000e+00
-1.092000e+01 2.190727e-03 -1.114841e-18 2.193075e-03 0.000000e+00
-1.088000e+01 2.201378e-03 -8.988260e-18 2.203337e-03 0.000000e+00
-1.084000e+01 2.212069e-03 -8.427194e-19 2.213671e-03 0.000000e+00
-1.080000e+01 2.222802e-03 5.432014e-20 2.224077e-03 0.000000e+00
-1.076000e+01 2.233578e-03 -6.958808e-18 2.234556e-03 0.000000e+00
-1.072000e+01 2.244401e-03 -1.250272e-18 2.245110e-03 0.000000e+00
-1.068000e+01 2.255272e-03 -7.196927e-18 2.255738e-03 0.000000e+00
-1.064000e+01 2.266194e-03 2.478504e-18 2.266441e-03 0.000000e+00
-1.060000e+01 2.277168e-03 -6.177225e-19 2.277221e-03 0.000000e+00
-1.056000e+01 2.288198e-03 -2.464394e-18 2.288077e-03 0.000000e+00
-1.052000e+01 2.299284e-03 9.718376e-19 2.299010e-03 0.000000e+00
-1.048000e+01 2.310429e-03 -3.709422e-19 2.310022e-03 0.000000e+00
-1.044000e+01 2.321635e-03 -9.417186e-20 2.321112e-03 0.000000e+00
-1.040000e+01 2.332903e-03 -1.039681e-17 2.332282e-03 0.000000e+00
-1.036000e+01 2.344236e-03 -9.970917e-18 2.343533e-03 0.000000e+00
-1.032000e+01 2.355635e-03 -5.435657e-18 2.354865e-03 0.000000e+00
-1.028000e+01 2.367103e-03 -6.032127e-18 2.366278e-03 0.000000e+00
-1.024000e+01 2.378639e-03 6.060696e-19 2.377775e-03 0.000000e+00
-1.020000e+01 2.390247e-03 6.792485e-18 2.389355e-03 0.000000e+00
-1.016000e+01 2.401928e-03 -1.027409e-17 2.401020e-03 0.000000e+00
-1.012000e+01 2.413684e-03 -2.644031e-18 2.412769e-03 0.000000e+00
-1.008000e+01 2.425515e-03 1.889426e-18 2.424605e-03 0.000000e+00
-1.004000e+01 2.437424e-03 -7.646726e-18 2.436527e-03 0.000000e+00
-1.000000e+01 2.449412e-03 6.098198e-18 2.448538e-03 0.000000e+00
-9.960000e+00 2.461480e-03 -6.406692e-18 2.460636e-03 0.000000e+00
-9.920000e+00 2.473631e-03 -3.583107e-18 2.472825e-03 0.000000e+00
-9.880000e+00 2.485864e-03 -5.939696e-18 2.485103e-03 0.000000e+00
-9.840000e+00 2.498182e-03 6.286510e-20 2.497473e-03 0.000000e+00
-9.800000e+00 2.510587e-03 -7.226634e-18 2.509934e-03 0.000000e+00
-9.760000e+00 2.523078e-03 7.887029e-18 2.522489e-03 0.000000e+00
-9.720000e+00 2.535659e-03 -3.071968e-18 2.535138e-03 0.000000e+00
-9.680000e+00 2.548329e-03 -5.994618e-18 2.547881e-03 0.000000e+00
-9.640000e+00 2.561091e-03 -7.045743e-18 2.560721e-03 0.000000e+00
-9.600000e+00 2.573945e-03 -8.934349e-18 2.573657e-03 0.000000e+00
-9.560000e+00 2.586893e-03 -9.685595e-18 2.586691e-03 0.000000e+00
-9.520000e+00 2.599937e-03 -8.093652e-18 2.599823e-03 0.000000e+00
-9.480000e+00 2.613077e-03 -7.091590e-18 2.613056e-03 0.000000e+00
-9.440000e+00 2.626314e-03 -4.838630e-18 2.626389e-03 0.000000e+00
-9.400000e+00 2.639651e-03 -1.347525e-17 2.639823e-03 0.000000e+00
-9.360000e+00 2.653088e-03 -3.267736e-18 2.653361e-03 0.000000e+00
-9.320000e+00 2.666626e-03 -8.620105e-18 2.667002e-03 0.000000e+00
-9.280000e+00 2.680268e-03 -4.055342e-18 2.680748e-03 0.000000e+00
-9.240000e+00 2.694013e-03 -1.489736e-17 2.694600e-03 0.000000e+00
-9.200000e+00 2.707864e-03 4.610027e-18 2.708559e-03 0.000000e+00
-9.160000e+00 2.721821e-03 5.697239e-18 2.722626e-03 0.000000e+00
-9.120000e+00 2.735886e-03 2.197987e-18 2.736803e-03 0.000000e+00
-9.080000e+00 2.750060e-03 -6.010676e-18 2.751090e-03 0.000000e+00
-9.040000e+00 2.764345e-03 -5.788884e-18 2.765488e-03 0.000000e+00
-9.000000e+00 2.778742e-03 -9.625576e-19 2.779999e-03 0.000000e+00
-8.960000e+00 2.793251e-03 -4.911145e-18 2.794624e-03 0.000000e+00
-8.920000e+00 2.807875e-03 -5.584326e-18 2.809364e-03 0.000000e+00
-8.880000e+00 2.822615e-03 -3.626276e-19 2.824220e-03 0.000000e+00
-8.840000e+00 2.837471e-03 -3.918660e-18 2.839193e-03 0.000000e+00
-8.800000e+00 2.852446e-03 -2.637349e-19 2.854285e-03 0.000000e+00
-8.760000e+00 2.867541e-03 -5.733390e-18 2.869497e-03 0.000000e+00
-8.720000e+00 2.882756e-03 -3.944488e-18 2.884830e-03 0.000000e+00
-8.680000e+00 2.898094e-03 1.196720e-18 2.900286e-03 0.000000e+00
-8.640000e+00 2.913555e-03 -4.555261e-18 2.915866e-03 0.000000e+00
-8.600000e+00 2.929142e-03 5.337054e-18 2.931570e-03 0.000000e+00
-8.560000e+00 2.944855e-03 7.681492e-18 2.947401e-03 0.000000e+00
-8.520000e+00 2.960696e-03 -7.489380e-18 2.963360e-03 0.000000e+00
-8.480000e+00 2.976667e-03 2.949824e-19 2.979448e-03 0.000000e+00
-8.440000e+00 2.992768e-03 -1.951260e-18 2.995666e-03 0.000000e+00
-8.400000e+00 3.009002e-03 3.459451e-18 3.012016e-03 0.000000e+00
-8.360000e+00 3.025369e-03 4.916865e-18 3.028500e-03 0.000000e+00
-8.320000e+00 3.041871e-03 -3.368464e-20 3.045118e-03 0.000000e+00
-8.280000e+00 3.058511e-03 -2.594147e-18 3.061873e-03 0.000000e+00
-8.240000e+00 3.075288e-03 5.461535e-18 3.078766e-03 0.000000e+00
-8.200000e+00 3.092205e-03 -1.476912e-18 3.095797e-03 0.000000e+00
-8.160000e+00 3.109264e-03 6.722008e-18 3.112970e-03 0.000000e+00
-8.120000e+00 3.126465e-03 1.860149e-18 3.130285e-03 0.000000e+00
-8.080000e+00 3.143811e-03 -6.000270e-18 3.147743e-03 0.000000e+00
-8.040000e+00 3.161304e-03 -2.661486e-18 3.165348e-03 0.000000e+00
-8.000000e+00 3.178944e-03 -3.888411e-18 3.183099e-03 0.000000e+00
-7.960000e+00 3.196733e-03 -6.204424e-18 3.200999e-03 0.000000e+00
-7.920000e+00 3.214673e-03 1.553360e-18 3.219049e-03 0.000000e+00
-7.880000e+00 3.232767e-03 -2.557289e-18 3.237252e-03 0.000000e+00
-7.840000e+00 3.251014e-03 6.100753e-19 3.255608e-03 0.000000e+00
-7.800000e+00 3.269419e-03 -1.022158e-17 3.274119e-03 0.000000e+00
-7.760000e+00 3.287981e-03 1.320240e-18 3.292788e-03 0.000000e+00
-7.720000e+00 3.306702e-03 -3.860106e-18 3.311616e-03 0.000000e+00
-7.680000e+00 3.325586e-03 -7.458133e-19 3.330605e-03 0.000000e+00
-7.640000e+00 3.344633e-03 -4.056551e-18 3.349756e-03 0.000000e+00
-7.600000e+00 3.363845e-03 3.164639e-18 3.369072e-03 0.000000e+00
-7.560000e+00 3.383225e-03 3.427889e-18 3.388554e-03 0.000000e+00
-7.520000e+00 3.402773e-03 9.596596e-18 3.408204e-03 0.000000e+00
-7.480000e+00 3.422493e-03 3.961952e-18 3.428024e-03 0.000000e+00
-7.440000e+00 3.442385e-03 1.663576e-18 3.448017e-03 0.000000e+00
-7.400000e+00 3.462453e-03 7.612802e-19 3.468184e-03 0.000000e+00
-7.360000e+00 3.482698e-03 -1.076720e-18 3.488526e-03 0.000000e+00
-7.320000e+00 3.503121e-03 -5.237529e-18 3.509047e-03 0.000000e+00
-7.280000e+00 3.523726e-03 1.924355e-18 3.529748e-03 0.000000e+00
-7.240000e+00 3.544514e-03 2.452790e-18 3.550632e-03 0.000000e+00
-7.200000e+00 3.565487e-03 -4.489973e-18 3.571700e-03 0.000000e+00
-7.160000e+00 3.586648e-03 -2.986251e-18 3.592954e-03 0.000000e+00
-7.120000e+00 3.607999e-03 1.086126e-18 3.614398e-03 0.000000e+00
-7.080000e+00 3.629542e-03 -2.429632e-18 3.636032e-03 0.000000e+00
-7.040000e+00 3.651278e-03 2.706991e-19 3.657860e-03 0.000000e+00
-7.000000e+00 3.673212e-03 4.055158e-18 3.679883e-03 0.000000e+00
-6.960000e+00 3.695344e-03 7.229160e-19 3.702104e-03 0.000000e+00
-6.920000e+00 3.717677e-03 2.488937e-18 3.724526e-03 0.000000e+00
-6.880000e+00 3.740214e-03 -5.234076e-18 3.747150e-03 0.000000e+00
-6.840000e+00 3.762957e-03 -1.275451e-18 3.769979e-03 0.000000e+00
-6.800000e+00 3.785908e-03 5.424586e-18 3.793016e-03 0.000000e+00
-6.760000e+00 3.809070e-03 -5.865966e-18 3.816263e-03 0.000000e+00
-6.720000e+00 3.832446e-03 -1.889230e-18 3.839722e-03 0.000000e+00
-6.680000e+00 3.856038e-03 -6.674584e-18 3.863397e-03 0.000000e+00
-6.640000e+00 3.879849e-03 1.274892e-18 3.887289e-03 0.000000e+00
-6.600000e+00 3.903881e-03 -5.232385e-18 3.911402e-03 0.000000e+00
-6.560000e+00 3.928137e-03 2.712550e-18 3.935738e-03 0.000000e+00
-6.520000e+00 3.952619e-03 3.105685e-18 3.960300e-03 0.000000e+00
-6.480000e+00 3.977332e-03 -7.368997e-18 3.985090e-03 0.000000e+00
-6.440000e+00 4.002276e-03 -3.852720e-18 4.010112e-03 0.000000e+00
-6.400000e+00 4.027456e-03 -3.899770e-18 4.035369e-03 0.000000e+00
-6.360000e+00 4.052874e-03 -5.049891e-18 4.060862e-03 0.000000e+00
-6.320000e+00 4.078533e-03 -2.812053e-18 4.086596e-03 0.000000e+00
-6.280000e+00 4.104436e-03 -4.308157e-18 4.112573e-03 0.000000e+00
-6.240000e+00 4.130587e-03 -2.047772e-18 4.138797e-03 0.000000e+00
-6.200000e+00 4.156987e-03 -5.258591e-18 4.165269e-03 0.000000e+00
-6.160000e+00 4.183641e-03 1.877969e-18 4.191995e-03 0.000000e+00
-6.120000e+00 4.210551e-03 -3.169081e-18 4.218975e-03 0.000000e+00
-6.080000e+00 4.237721e-03 -7.666046e-18 4.246215e-03 0.000000e+00
-6.040000e+00 4.265155e-03 8.795484e-19 4.273717e-03 0.000000e+00
-6.000000e+00 4.292854e-03 -1.685048e-18 4.301485e-03 0.000000e+00
-5.960000e+00 4.320824e-03 -2.743866e-18 4.329522e-03 0.000000e+00
-5.920000e+00 4.349066e-03 4.792935e-18 4.357831e-03 0.000000e+00
-5.880000e+00 4.377585e-03 3.147348e-18 4.386415e-03 0.000000e+00
-5.840000e+00 4.406385e-03 6.240234e-19 4.415280e-03 0.000000e+00
-5.800000e+00 4.435468e-03 -5.584741e-18 4.444427e-03 0.000000e+00
-5.760000e+00 4.464839e-03 -8.649842e-18 4.473862e-03 0.000000e+00
-5.720000e+00 4.494502e-03 -1.292735e-17 4.503586e-03 0.000000e+00
-5.680000e+00 4.524459e-03 -7.599202e-18 4.533606e-03 0.000000e+00
-5.640000e+00 4.554716e-03 1.607386e-18 4.563923e-03 0.000000e+00
-5.600000e+00 4.585275e-03 -2.916922e-18 4.594542e-03 0.000000e+00
-5.560000e+00 4.616141e-03 -1.406117e-18 4.625468e-03 0.000000e+00
-5.520000e+00 4.647318e-03 -6.380111e-18 4.656703e-03 0.000000e+00
-5.480000e+00 4.678810e-03 -6.431464e-18 4.688253e-03 0.000000e+00
-5.440000e+00 4.710621e-03 -3.799899e-18 4.720121e-03 0.000000e+00
-5.400000e+00 4.742755e-03 -1.745025e-18 4.752312e-03 0.000000e+00
-5.360000e+00 4.775218e-03 -2.929185e-18 4.784830e-03 0.000000e+00
-5.320000e+00 4.808012e-03 -3.358051e-18 4.817680e-03 0.000000e+00
-5.280000e+00 4.841143e-03 -9.613719e-18 4.850865e-03 0.000000e+00
-5.240000e+00 4.874615e-03 -7.522161e-19 4.884391e-03 0.000000e+00
-5.200000e+00 4.908433e-03 3.261727e-18 4.918262e-03 0.000000e+00
-5.160000e+00 4.942601e-03 -1.237839e-17 4.952482e-03 0.000000e+00
-5.120000e+00 4.977125e-03 -9.429012e-18 4.987057e-03 0.000000e+00
-5.080000e+00 5.012008e-03 -2.539509e-18 5.021991e-03 0.000000e+00
-5.040000e+00 5.047257e-03 -1.064965e-18 5.057290e-03 0.000000e+00
-5.000000e+00 5.082876e-03 -1.384135e-17 5.092958e-03 0.000000e+00
-4.960000e+00 5.118869e-03 2.058735e-18 5.129001e-03 0.000000e+00
-4.920000e+00 5.155243e-03 7.868465e-18 5.165423e-03 0.000000e+00
-4.880000e+00 5.192003e-03 -2.163526e-18 5.202230e-03 0.000000e+00
-4.840000e+00 5.229154e-03 -6.028458e-18 5.239427e-03 0.000000e+00
-4.800000e+00 5.266701e-03 -4.683923e-18 5.277021e-03 0.000000e+00
-4.760000e+00 5.304650e-03 3.434951e-18 5.315015e-03 0.000000e+00
-4.720000e+00 5.343006e-03 4.040911e-18 5.353417e-03 0.000000e+00
-4.680000e+00 5.381776e-03 -2.633065e-18 5.392231e-03 0.000000e+00
-4.640000e+00 5.420966e-03 2.690793e-18 5.431464e-03 0.000000e+00
-4.600000e+00 5.460580e-03 -3.957406e-18 5.471122e-03 0.000000e+00
-4.560000e+00 5.500626e-03 2.315309e-18 5.511211e-03 0.000000e+00
-4.520000e+00 5.541110e-03 -1.482459e-18 5.551736e-03 0.000000e+00
-4.480000e+00 5.582037e-03 -5.717508e-18 5.592704e-03 0.000000e+00
-4.440000e+00 5.623414e-03 -6.899006e-19 5.634122e-03 0.000000e+00
-4.400000e+00 5.665248e-03 2.612274e-18 5.675997e-03 0.000000e+00
-4.360000e+00 5.707546e-03 -2.559226e-18 5.718333e-03 0.000000e+00
-4.320000e+00 5.750313e-03 -6.869650e-18 5.761140e-03 0.000000e+00
-4.280000e+00 5.793557e-03 3.721850e-18 5.804422e-03 0.000000e+00
-4.240000e+00 5.837286e-03 2.242758e-18 5.848189e-03 0.000000e+00
-4.200000e+00 5.881505e-03 -8.085729e-18 5.892445e-03 0.000000e+00
-4.160000e+00 5.926222e-03 -2.224772e-18 5.937199e-03 0.000000e+00
-4.120000e+00 5.971446e-03 -4.510503e-18 5.982459e-03 0.000000e+00
-4.080000e+00 6.017182e-03 -6.227945e-18 6.028231e-03 0.000000e+00
-4.040000e+00 6.063439e-03 1.210978e-18 6.074523e-03 0.000000e+00
-4.000000e+00 6.110225e-03 -1.950404e-18 6.121344e-03 0.000000e+00
-3.960000e+00 6.157548e-03 9.593720e-18 6.168701e-03 0.000000e+00
-3.920000e+00 6.205415e-03 -7.477584e-19 6.216601e-03 0.000000e+00
-3.880000e+00 6.253835e-03 -3.118518e-18 6.265055e-03 0.000000e+00
-3.840000e+00 6.302817e-03 -3.447934e-18 6.314069e-03 0.000000e+00
-3.800000e+00 6.352368e-03 -1.212763e-18 6.363652e-03 0.000000e+00
-3.760000e+00 6.402498e-03 -4.848645e-19 6.413814e-03 0.000000e+00
-3.720000e+00 6.453216e-03 -9.851870e-20 6.464563e-03 0.000000e+00
-3.680000e+00 6.504530e-03 -2.358153e-18 6.515907e-03 0.000000e+00
-3.640000e+00 6.556450e-03 7.574899e-18 6.567857e-03 0.000000e+00
-3.600000e+00 6.608985e-03 4.096991e-18 6.620422e-03 0.000000e+00
-3.560000e+00 6.662145e-03 -8.880157e-18 6.673611e-03 0.000000e+00
-3.520000e+00 6.715939e-03 -1.829105e-18 6.727434e-03 0.000000e+00
-3.480000e+00 6.770378e-03 -2.229505e-18 6.781901e-03 0.000000e+00
-3.440000e+00 6.825472e-03 5.849841e-18 6.837022e-03 0.000000e+00
-3.400000e+00 6.881230e-03 -5.610184e-18 6.892808e-03 0.000000e+00
-3.360000e+00 6.937664e-03 2.740325e-18 6.949269e-03 0.000000e+00
-3.320000e+00 6.994785e-03 4.670850e-18 7.006416e-03 0.000000e+00
-3.280000e+00 7.052602e-03 -4.590883e-19 7.064260e-03 0.000000e+00
-3.240000e+00 7.111128e-03 1.142270e-18 7.122811e-03 0.000000e+00
-3.200000e+00 7.170374e-03 -2.182302e-18 7.182082e-03 0.000000e+00
-3.160000e+00 7.230352e-03 7.126605e-19 7.242084e-03 0.000000e+00
-3.120000e+00 7.291072e-03 -1.224744e-18 7.302829e-03 0.000000e+00
-3.080000e+00 7.352549e-03 2.875626e-18 7.364329e-03 0.000000e+00
-3.040000e+00 7.414793e-03 -2.273016e-18 7.426597e-03 0.000000e+00
-3.000000e+00 7.477817e-03 1.198280e-18 7.489644e-03 0.000000e+00
-2.960000e+00 7.541635e-03 7.526166e-18 7.553485e-03 0.000000e+00
-2.920000e+00 7.606259e-03 -2.449574e-18 7.618131e-03 0.000000e+00
-2.880000e+00 7.671702e-03 1.364743e-18 7.683596e-03 0.000000e+00
-2.840000e+00 7.737980e-03 4.496211e-18 7.749895e-03 0.000000e+00
-2.800000e+00 7.805104e-03 1.263815e-18 7.817040e-03 0.000000e+00
-2.760000e+00 7.873090e-03 5.887565e-18 7.885047e-03 0.000000e+00
-2.720000e+00 7.941952e-03 -2.459766e-18 7.953929e-03 0.000000e+00
-2.680000e+00 8.011705e-03 5.774684e-18 8.023702e-03 0.000000e+00
-2.640000e+00 8.082363e-03 7.840960e-18 8.094380e-03 0.000000e+00
-2.600000e+00 8.153944e-03 2.126125e-18 8.165980e-03 0.000000e+00
-2.560000e+00 8.226461e-03 6.753495e-18 8.238516e-03 0.000000e+00
-2.520000e+00 8.299931e-03 -1.447152e-18 8.312005e-03 0.000000e+00
-2.480000e+00 8.374372e-03 4.717512e-18 8.386463e-03 0.000000e+00
-2.440000e+00 8.449798e-03 7.612892e-18 8.461908e-03 0.000000e+00
-2.400000e+00 8.526229e-03 3.130592e-18 8.538355e-03 0.000000e+00
-2.360000e+00 8.603680e-03 1.237029e-17 8.615824e-03 0.000000e+00
-2.320000e+00 8.682171e-03 6.956635e-18 8.694331e-03 0.000000e+00
-2.280000e+00 8.761718e-03 -4.948912e-18 8.773895e-03 0.000000e+00
-2.240000e+00 8.842342e-03 -3.398128e-18 8.854534e-03 0.000000e+00
-2.200000e+00 8.924060e-03 2.393881e-18 8.936269e-03 0.000000e+00
-2.160000e+00 9.006893e-03 -3.660103e-18 9.019117e-03 0.000000e+00
-2.120000e+00 9.090860e-03 1.979621e-18 9.103099e-03 0.000000e+00
-2.080000e+00 9.175982e-03 -8.686722e-18 9.188236e-03 0.000000e+00
-2.040000e+00 9.262279e-03 5.125266e-18 9.274547e-03 0.000000e+00
-2.000000e+00 9.349773e-03 4.347618e-18 9.362055e-03 0.000000e+00
-1.960000e+00 9.438486e-03 -4.301840e-18 9.450782e-03 0.000000e+00
-1.920000e+00 9.528439e-03 -2.422566e-18 9.540748e-03 0.000000e+00
-1.880000e+00 9.619655e-03 1.514807e-18 9.631977e-03 0.000000e+00
-1.840000e+00 9.712158e-03 7.920594e-18 9.724493e-03 0.000000e+00
-1.800000e+00 9.805971e-03 2.776082e-18 9.818319e-03 0.000000e+00
-1.760000e+00 9.901118e-03 1.031484e-17 9.913478e-03 0.000000e+00
-1.720000e+00 9.997624e-03 8.325156e-18 1.001000e-02 0.000000e+00
-1.680000e+00 1.009552e-02 -5.646980e-19 1.010790e-02 0.000000e+00
-1.640000e+00 1.019482e-02 1.883437e-18 1.020721e-02 0.000000e+00
-1.600000e+00 1.029556e-02 9.541565e-18 1.030796e-02 0.000000e+00
-1.560000e+00 1.039776e-02 5.161835e-18 1.041018e-02 0.000000e+00
-1.520000e+00 1.050145e-02 4.198830e-18 1.051388e-02 0.000000e+00
-1.480000e+00 1.060667e-02 -1.937573e-18 1.061911e-02 0.000000e+00
-1.440000e+00 1.071343e-02 5.249190e-18 1.072588e-02 0.000000e+00
-1.400000e+00 1.082178e-02 4.076420e-18 1.083424e-02 0.000000e+00
-1.360000e+00 1.093173e-02 5.170263e-18 1.094420e-02 0.000000e+00
-1.320000e+00 1.104333e-02 1.928108e-18 1.105580e-02 0.000000e+00
-1.280000e+00 1.115660e-02 5.377825e-18 1.116908e-02 0.000000e+00
-1.240000e+00 1.127157e-02 2.607449e-19 1.128406e-02 0.000000e+00
-1.200000e+00 1.138828e-02 8.827600e-18 1.140078e-02 0.000000e+00
-1.160000e+00 1.150677e-02 -8.066410e-19 1.151928e-02 0.000000e+00
-1.120000e+00 1.162706e-02 1.008559e-18 1.163958e-02 0.000000e+00
-1.080000e+00 1.174920e-02 7.906198e-18 1.176172e-02 0.000000e+00
-1.040000e+00 1.187322e-02 6.603407e-18 1.188575e-02 0.000000e+00
-1.000000e+00 1.199915e-02 8.040054e-18 1.201169e-02 0.000000e+00
-9.600000e-01 1.212705e-02 7.557431e-18 1.213959e-02 0.000000e+00
-9.200000e-01 1.225694e-02 -2.163858e-18 1.226949e-02 0.000000e+00
-8.800000e-01 1.238886e-02 1.327327e-18 1.240143e-02 0.000000e+00
-8.400000e-01 1.252287e-02 1.128745e-17 1.253544e-02 0.000000e+00
-8.000000e-01 1.265900e-02 -2.007054e-18 1.267157e-02 0.000000e+00
-7.600000e-01 1.279729e-02 1.179579e-17 1.280987e-02 0.000000e+00
-7.200000e-01 1.293779e-02 9.589011e-18 1.295038e-02 0.000000e+00
-6.800000e-01 1.308055e-02 2.938997e-18 1.309314e-02 0.000000e+00
-6.400000e-01 1.322560e-02 9.788818e-19 1.323820e-02 0.000000e+00
-6.000000e-01 1.337301e-02 4.258157e-18 1.338561e-02 0.000000e+00
-5.600000e-01 1.352282e-02 -9.517173e-19 1.353543e-02 0.000000e+00
-5.200000e-01 1.367508e-02 6.065442e-18 1.368769e-02 0.000000e+00
-4.800000e-01 1.382983e-02 -3.555606e-18 1.384245e-02 0.000000e+00
-4.400000e-01 1.398715e-02 9.320626e-18 1.399977e-02 0.000000e+00
-4.000000e-01 1.414707e-02 3.020811e-18 1.415969e-02 0.000000e+00
-3.600000e-01 1.430966e-02 6.231530e-18 1.432228e-02 0.000000e+00
-3.200000e-01 1.447497e-02 1.430698e-18 1.448760e-02 0.000000e+00
-2.800000e-01 1.464306e-02 5.575208e-18 1.465569e-02 0.000000e+00
-2.400000e-01 1.481399e-02 8.744570e-18 1.482663e-02 0.000000e+00
-2.000000e-01 1.498783e-02 4.553864e-18 1.500047e-02 0.000000e+00
-1.600000e-01 1.516463e-02 1.042288e-17 1.517727e-02 0.000000e+00
-1.200000e-01 1.534446e-02 1.078207e-17 1.535711e-02 0.000000e+00
-8.000000e-02 1.552740e-02 2.923028e-18 1.554005e-02 0.000000e+00
-4.000000e-02 1.571350e-02 1.021368e-17 1.572615e-02 0.000000e+00
0.000000e+00 1.590282e-02 3.366472e-18 1.591549e-02 0.000000e+00
4.000000e-02 1.609545e-02 7.526492e-18 1.610815e-02 0.000000e+00
8.000000e-02 1.629146e-02 6.159364e-18 1.630419e-02 0.000000e+00
1.200000e-01 1.649093e-02 5.726583e-18 1.650369e-02 0.000000e+00
1.600000e-01 1.669395e-02 1.479484e-18 1.670672e-02 0.000000e+00
2.000000e-01 1.690058e-02 7.202861e-18 1.691338e-02 0.000000e+00
2.400000e-01 1.711092e-02 3.697104e-18 1.712375e-02 0.000000e+00
2.800000e-01 1.732504e-02 1.225261e-17 1.733790e-02 0.000000e+00
3.200000e-01 1.754304e-02 9.022506e-18 1.755592e-02 0.000000e+00
3.600000e-01 1.776500e-02 4.792884e-18 1.777791e-02 0.000000e+00
4.000000e-01 1.799102e-02 8.304467e-18 1.800395e-02 0.000000e+00
4.400000e-01 1.822119e-02 4.995023e-18 1.823415e-02 0.000000e+00
4.800000e-01 1.845561e-02 -2.366613e-18 1.846859e-02 0.000000e+00
5.200000e-01 1.869437e-02 7.122429e-18 1.870738e-02 0.000000e+00
5.600000e-01 1.893759e-02 3.634365e-18 1.895063e-02 0.000000e+00
6.000000e-01 1.918536e-02 9.565220e-18 1.919842e-02 0.000000e+00
6.400000e-01 1.943780e-02 5.113545e-18 1.945089e-02 0.000000e+00
6.800000e-01 1.969501e-02 -1.290587e-18 1.970813e-02 0.000000e+00
7.200000e-01 1.995711e-02 -1.074641e-18 1.997025e-02 0.000000e+00
7.600000e-01 2.022422e-02 6.062891e-18 2.023739e-02 0.000000e+00
8.000000e-01 2.049646e-02 1.342564e-18 2.050966e-02 0.000000e+00
8.400000e-01 2.077395e-02 9.684122e-18 2.078718e-02 0.000000e+00
8.800000e-01 2.105682e-02 6.931958e-18 2.107008e-02 0.000000e+00
9.200000e-01 2.134521e-02 7.154924e-18 2.135849e-02 0.000000e+00
9.600000e-01 2.163925e-02 2.363765e-18 2.165256e-02 0.000000e+00
1.000000e+00 2.193907e-02 3.933537e-18 2.195241e-02 0.000000e+00
1.040000e+00 2.224482e-02 2.892898e-18 2.225819e-02 0.000000e+00
1.080000e+00 2.255665e-02 5.215141e-19 2.257005e-02 0.000000e+00
1.120000e+00 2.287471e-02 -4.686766e-18 2.288814e-02 0.000000e+00
1.160000e+00 2.319916e-02 7.018037e-18 2.321261e-02 0.000000e+00
1.200000e+00 2.353015e-02 -2.058529e-18 2.354363e-02 0.000000e+00
1.240000e+00 2.386785e-02 8.401598e-18 2.388136e-02 0.000000e+00
1.280000e+00 2.421243e-02 4.314912e-19 2.422597e-02 0.000000e+00
1.320000e+00 2.456407e-02 3.142430e-18 2.457764e-02 0.000000e+00
1.360000e+00 2.492294e-02 2.631328e-18 2.493654e-02 0.000000e+00
1.400000e+00 2.528923e-02 1.150112e-18 2.530285e-02 0.000000e+00
1.440000e+00 2.566313e-02 3.044661e-18 2.567678e-02 0.000000e+00
1.480000e+00 2.604483e-02 5.401753e-18 2.605851e-02 0.000000e+00
1.520000e+00 2.643453e-02 -1.712974e-20 2.644824e-02 0.000000e+00
1.560000e+00 2.683245e-02 1.794209e-18 2.684619e-02 0.000000e+00
1.600000e+00 2.723879e-02 2.560528e-18 2.725256e-02 0.000000e+00
1.640000e+00 2.765377e-02 6.013606e-19 2.766757e-02 0.000000e+00
1.680000e+00 2.807762e-02 3.133736e-18 2.809145e-02 0.000000e+00
1.720000e+00 2.851057e-02 7.405800e-19 2.852444e-02 0.000000e+00
1.760000e+00 2.895286e-02 -2.799225e-18 2.896676e-02 0.000000e+00
1.800000e+00 2.940474e-02 5.349716e-18 2.941866e-02 0.000000e+00
1.840000e+00 2.986644e-02 1.485754e-18 2.988040e-02 0.000000e+00
1.880000e+00 3.033824e-02 1.157179e-17 3.035223e-02 0.000000e+00
1.920000e+00 3.082041e-02 3.279310e-18 3.083442e-02 0.000000e+00
1.960000e+00 3.131320e-02 1.965410e-18 3.132725e-02 0.000000e+00
2.000000e+00 3.181691e-02 5.722689e-18 3.183099e-02 0.000000e+00
2.040000e+00 3.233183e-02 1.750755e-18 3.234594e-02 0.000000e+00
2.080000e+00 3.285825e-02 -4.672100e-18 3.287239e-02 0.000000e+00
2.120000e+00 3.339647e-02 -2.241338e-18 3.341064e-02 0.000000e+00
2.160000e+00 3.394682e-02 -5.255164e-18 3.396102e-02 0.000000e+00
2.200000e+00 3.450961e-02 4.926529e-18 3.452385e-02 0.000000e+00
2.240000e+00 3.508518e-02 -1.328279e-18 3.509945e-02 0.000000e+00
2.280000e+00 3.567387e-02 -4.426415e-18 3.568817e-02 0.000000e+00
2.320000e+00 3.627602e-02 -3.757201e-18 3.629035e-02 0.000000e+00
2.360000e+00 3.689199e-02 -2.360308e-19 3.690635e-02 0.000000e+00
2.400000e+00 3.752215e-02 -1.114819e-18 3.753654e-02 0.000000e+00
2.440000e+00 3.816687e-02 2.391690e-18 3.818130e-02 0.000000e+00
2.480000e+00 3.882655e-02 -2.419674e-18 3.884102e-02 0.000000e+00
2.520000e+00 3.950158e-02 -3.133037e-18 3.951607e-02 0.000000e+00
2.560000e+00 4.019236e-02 -1.954535e-18 4.020689e-02 0.000000e+00
2.600000e+00 4.089930e-02 -3.646209e-18 4.091387e-02 0.000000e+00
2.640000e+00 4.162284e-02 -1.647947e-19 4.163744e-02 0.000000e+00
2.680000e+00 4.236340e-02 1.887975e-19 4.237803e-02 0.000000e+00
2.720000e+00 4.312143e-02 -9.600430e-18 4.313610e-02 0.000000e+00
2.760000e+00 4.389738e-02 -4.635022e-20 4.391208e-02 0.000000e+00
2.800000e+00 4.469171e-02 -4.646858e-18 4.470644e-02 0.000000e+00
2.840000e+00 4.550489e-02 1.680662e-18 4.551966e-02 0.000000e+00
2.880000e+00 4.633741e-02 -4.782580e-18 4.635221e-02 0.000000e+00
2.920000e+00 4.718974e-02 -6.227890e-18 4.720457e-02 0.000000e+00
2.960000e+00 4.806238e-02 -1.145713e-18 4.807725e-02 0.000000e+00
3.000000e+00 4.895584e-02 -6.771852e-18 4.897075e-02 0.000000e+00
3.040000e+00 4.987063e-02 -5.628378e-18 4.988558e-02 0.000000e+00
3.080000e+00 5.080727e-02 -4.484143e-18 5.082225e-02 0.000000e+00
3.120000e+00 5.176627e-02 8.395891e-19 5.178128e-02 0.000000e+00
3.160000e+00 5.274816e-02 -9.746731e-18 5.276321e-02 0.000000e+00
3.200000e+00 5.375348e-02 4.877638e-18 5.376856e-02 0.000000e+00
3.240000e+00 5.478275e-02 -4.722833e-19 5.479787e-02 0.000000e+00
3.280000e+00 5.583652e-02 -5.191885e-18 5.585168e-02 0.000000e+00
3.320000e+00 5.691532e-02 -1.300370e-18 5.693051e-02 0.000000e+00
3.360000e+00 5.801968e-02 -5.793955e-18 5.803491e-02 0.000000e+00
3.400000e+00 5.915014e-02 2.355689e-18 5.916541e-02 0.000000e+00
3.440000e+00 6.030722e-02 -3.423612e-18 6.032252e-02 0.000000e+00
3.480000e+00 6.149144e-02 4.058699e-18 6.150678e-02 0.000000e+00
3.520000e+00 6.270331e-02 -2.353017e-18 6.271869e-02 0.000000e+00
3.560000e+00 6.394333e-02 1.409316e-18 6.395875e-02 0.000000e+00
3.600000e+00 6.521198e-02 6.267234e-18 6.522744e-02 0.000000e+00
3.640000e+00 6.650973e-02 -9.855928e-18 6.652522e-02 0.000000e+00
3.680000e+00 6.783702e-02 -9.401596e-18 6.785255e-02 0.000000e+00
3.720000e+00 6.919426e-02 -5.269153e-18 6.920984e-02 0.000000e+00
3.760000e+00 7.058186e-02 -8.310951e-18 7.059747e-02 0.000000e+00
3.800000e+00 7.200016e-02 -2.960596e-18 7.201581e-02 0.000000e+00
3.840000e+00 7.344948e-02 -1.558265e-18 7.346517e-02 0.000000e+00
3.880000e+00 7.493009e-02 -4.918999e-18 7.494582e-02 0.000000e+00
3.920000e+00 7.644221e-02 -4.273559e-18 7.645799e-02 0.000000e+00
3.960000e+00 7.798602e-02 8.733941e-19 7.800183e-02 0.000000e+00
4.000000e+00 7.956162e-02 8.888621e-20 7.957747e-02 0.000000e+00
4.040000e+00 8.116904e-02 7.554430e-18 8.118493e-02 0.000000e+00
4.080000e+00 8.280825e-02 2.551882e-18 8.282418e-02 0.000000e+00
4.120000e+00 8.447911e-02 -5.982718e-18 8.449509e-02 0.000000e+00
4.160000e+00 8.618142e-02 -1.482939e-19 8.619743e-02 0.000000e+00
4.200000e+00 8.791485e-02 -6.987133e-18 8.793091e-02 0.000000e+00
4.240000e+00 8.967898e-02 -1.699244e-18 8.969508e-02 0.000000e+00
4.280000e+00 9.147325e-02 8.929521e-18 9.148939e-02 0.000000e+00
4.320000e+00 9.329699e-02 -1.968683e-18 9.331317e-02 0.000000e+00
4.360000e+00 9.514937e-02 1.457030e-18 9.516560e-02 0.000000e+00
4.400000e+00 9.702943e-02 4.078809e-19 9.704570e-02 0.000000e+00
4.440000e+00 9.893603e-02 3.447523e-18 9.895234e-02 0.000000e+00
4.480000e+00 1.008679e-01 3.120355e-18 1.008842e-01 0.000000e+00
4.520000e+00 1.028234e-01 -6.400025e-18 1.028398e-01 0.000000e+00
4.560000e+00 1.048011e-01 -1.528378e-18 1.048175e-01 0.000000e+00
4.600000e+00 1.067989e-01 8.367316e-18 1.068154e-01 0.000000e+00
4.640000e+00 1.088148e-01 -7.937535e-18 1.088313e-01 0.000000e+00
4.680000e+00 1.108464e-01 1.371209e-18 1.108630e-01 0.000000e+00
4.720000e+00 1.128913e-01 1.969671e-18 1.129079e-01 0.000000e+00
4.760000e+00 1.149465e-01 -5.075496e-19 1.149631e-01 0.000000e+00
4.800000e+00 1.170090e-01 9.274498e-18 1.170257e-01 0.000000e+00
4.840000e+00 1.190755e-01 -5.886620e-18 1.190923e-01 0.000000e+00
4.880000e+00 1.211426e-01 -2.874564e-18 1.211594e-01 0.000000e+00
4.920000e+00 1.232062e-01 6.175266e-18 1.232231e-01 0.000000e+00
4.960000e+00 1.252625e-01 -3.143897e-18 1.252794e-01 0.000000e+00
5.000000e+00 1.273070e-01 1.022632e-17 1.273240e-01 0.000000e+00
5.040000e+00 1.293352e-01 -1.501873e-18 1.293522e-01 0.000000e+00
5.080000e+00 1.313423e-01 -7.997535e-19 1.313593e-01 0.000000e+00
5.120000e+00 1.333232e-01 3.793502e-18 1.333403e-01 0.000000e+00
5.160000e+00 1.352727e-01 -2.103070e-18 1.352898e-01 0.000000e+00
5.200000e+00 1.371854e-01 4.563455e-18 1.372025e-01 0.000000e+00
5.240000e+00 1.390556e-01 9.187205e-18 1.390728e-01 0.000000e+00
5.280000e+00 1.408777e-01 -5.759406e-18 1.408950e-01 0.000000e+00
5.320000e+00 1.426458e-01 4.124864e-18 1.426631e-01 0.000000e+00
5.360000e+00 1.443539e-01 -5.265659e-18 1.443713e-01 0.000000e+00
5.400000e+00 1.459963e-01 -6.901915e-18 1.460137e-01 0.000000e+00
5.440000e+00 1.475668e-01 1.542148e-19 1.475843e-01 0.000000e+00
5.480000e+00 1.490598e-01 -8.046432e-18 1.490773e-01 0.000000e+00
5.520000e+00 1.504693e-01 8.017152e-18 1.504869e-01 0.000000e+00
5.560000e+00 1.517898e-01 6.833952e-18 1.518075e-01 0.000000e+00
5.600000e+00 1.530159e-01 9.114604e-18 1.530336e-01 0.000000e+00
5.640000e+00 1.541424e-01 8.701741e-18 1.541602e-01 0.000000e+00
5.680000e+00 1.551645e-01 7.805664e-18 1.551823e-01 0.000000e+00
5.720000e+00 1.560776e-01 -5.629539e-18 1.560955e-01 0.000000e+00
5.760000e+00 1.568777e-01 5.046516e-18 1.568956e-01 0.000000e+00
5.800000e+00 1.575612e-01 -1.152880e-17 1.575792e-01 0.000000e+00
5.840000e+00 1.581248e-01 3.760569e-18 1.581428e-01 0.000000e+00
5.880000e+00 1.585660e-01 1.804238e-17 1.585840e-01 0.000000e+00
5.920000e+00 1.588826e-01 8.418710e-18 1.589007e-01 0.000000e+00
5.960000e+00 1.590731e-01 1.421337e-17 1.590913e-01 0.000000e+00
6.000000e+00 1.591367e-01 8.870041e-18 1.591549e-01 0.000000e+00
6.040000e+00 1.590730e-01 3.820542e-18 1.590913e-01 0.000000e+00
6.080000e+00 1.588824e-01 6.492295e-18 1.589007e-01 0.000000e+00
6.120000e+00 1.585656e-01 -5.964395e-18 1.585840e-01 0.000000e+00
6.160000e+00 1.581244e-01 1.342277e-18 1.581428e-01 0.000000e+00
6.200000e+00 1.575606e-01 2.516833e-17 1.575792e-01 0.000000e+00
6.240000e+00 1.568771e-01 -3.272100e-18 1.568956e-01 0.000000e+00
6.280000e+00 1.560768e-01 9.505488e-18 1.560955e-01 0.000000e+00
6.320000e+00 1.551636e-01 1.068752e-17 1.551823e-01 0.000000e+00
6.360000e+00 1.541414e-01 -3.975836e-18 1.541602e-01 0.000000e+00
6.400000e+00 1.530148e-01 1.580025e-17 1.530336e-01 0.000000e+00
6.440000e+00 1.517886e-01 -3.286965e-18 1.518075e-01 0.000000e+00
6.480000e+00 1.504680e-01 8.091079e-18 1.504869e-01 0.000000e+00
6.520000e+00 1.490583e-01 1.229889e-17 1.490773e-01 0.000000e+00
6.560000e+00 1.475653e-01 1.090036e-17 1.475843e-01 0.000000e+00
6.600000e+00 1.459946e-01 1.610491e-17 1.460137e-01 0.000000e+00
6.640000e+00 1.443521e-01 6.860418e-18 1.443713e-01 0.000000e+00
6.680000e+00 1.426439e-01 2.266094e-18 1.426631e-01 0.000000e+00
6.720000e+00 1.408757e-01 1.102231e-17 1.408950e-01 0.000000e+00
6.760000e+00 1.390535e-01 2.937663e-18 1.390728e-01 0.000000e+00
6.800000e+00 1.371831e-01 6.803399e-18 1.372025e-01 0.000000e+00
6.840000e+00 1.352703e-01 1.259239e-17 1.352898e-01 0.000000e+00
6.880000e+00 1.333207e-01 8.608201e-18 1.333403e-01 0.000000e+00
6.920000e+00 1.313397e-01 1.209271e-17 1.313593e-01 0.000000e+00
6.960000e+00 1.293325e-01 4.889505e-18 1.293522e-01 0.000000e+00
7.000000e+00 1.273042e-01 -5.321447e-18 1.273240e-01 0.000000e+00
7.040000e+00 1.252596e-01 8.168847e-18 1.252794e-01 0.000000e+00
7.080000e+00 1.232032e-01 2.832055e-18 1.232231e-01 0.000000e+00
7.120000e+00 1.211394e-01 1.788939e-17 1.211594e-01 0.000000e+00
7.160000e+00 1.190723e-01 6.470988e-18 1.190923e-01 0.000000e+00
7.200000e+00 1.170056e-01 4.528811e-18 1.170257e-01 0.000000e+00
7.240000e+00 1.149429e-01 2.111682e-18 1.149631e-01 0.000000e+00
7.280000e+00 1.128876e-01 5.040870e-18 1.129079e-01 0.000000e+00
7.320000e+00 1.108427e-01 -1.139099e-17 1.108630e-01 0.000000e+00
7.360000e+00 1.088109e-01 1.331869e-17 1.088313e-01 0.000000e+00
7.400000e+00 1.067949e-01 -1.054683e-17 1.068154e-01 0.000000e+00
7.440000e+00 1.047970e-01 2.147313e-18 1.048175e-01 0.000000e+00
7.480000e+00 1.028192e-01 9.517697e-18 1.028398e-01 0.000000e+00
7.520000e+00 1.008635e-01 1.416713e-17 1.008842e-01 0.000000e+00
7.560000e+00 9.893157e-02 1.192158e-17 9.895234e-02 0.000000e+00
7.600000e+00 9.702485e-02 6.230463e-18 9.704570e-02 0.000000e+00
7.640000e+00 9.514467e-02 -4.296687e-19 9.516560e-02 0.000000e+00
7.680000e+00 9.329217e-02 2.413840e-18 9.331317e-02 0.000000e+00
7.720000e+00 9.146831e-02 1.204024e-19 9.148939e-02 0.000000e+00
7.760000e+00 8.967392e-02 4.414170e-18 8.969508e-02 0.000000e+00
7.800000e+00 8.790967e-02 1.312224e-17 8.793091e-02 0.000000e+00
7.840000e+00 8.617612e-02 1.309129e-18 8.619743e-02 0.000000e+00
7.880000e+00 8.447369e-02 9.129543e-18 8.449509e-02 0.000000e+00
7.920000e+00 8.280270e-02 2.766610e-18 8.282418e-02 0.000000e+00
7.960000e+00 8.116337e-02 -5.574317e-18 8.118493e-02 0.000000e+00
8.000000e+00 7.955582e-02 3.526363e-18 7.957747e-02 0.000000e+00
8.040000e+00 7.798010e-02 4.787111e-18 7.800183e-02 0.000000e+00
8.080000e+00 7.643617e-02 1.863463e-18 7.645799e-02 0.000000e+00
8.120000e+00 7.492391e-02 6.094840e-18 7.494582e-02 0.000000e+00
8.160000e+00 7.344318e-02 2.246248e-18 7.346517e-02 0.000000e+00
8.200000e+00 7.199373e-02 6.762092e-18 7.201581e-02 0.000000e+00
8.240000e+00 7.057530e-02 8.518870e-20 7.059747e-02 0.000000e+00
8.280000e+00 6.918758e-02 1.973198e-19 6.920984e-02 0.000000e+00
8.320000e+00 6.783020e-02 -1.511866e-18 6.785255e-02 0.000000e+00
8.360000e+00 6.650278e-02 -4.964766e-18 6.652522e-02 0.000000e+00
8.400000e+00 6.520490e-02 6.277293e-19 6.522744e-02 0.000000e+00
8.440000e+00 6.393612e-02 -6.529647e-19 6.395875e-02 0.000000e+00
8.480000e+00 6.269597e-02 5.368709e-18 6.271869e-02 0.000000e+00
8.520000e+00 6.148397e-02 5.915652e-18 6.150678e-02 0.000000e+00
8.560000e+00 6.029961e-02 4.042217e-18 6.032252e-02 0.000000e+00
8.600000e+00 5.914240e-02 -6.807200e-18 5.916541e-02 0.000000e+00
8.640000e+00 5.801181e-02 5.715338e-18 5.803491e-02 0.000000e+00
8.680000e+00 5.690731e-02 7.932736e-18 5.693051e-02 0.000000e+00
8.720000e+00 5.582838e-02 7.694239e-18 5.585168e-02 0.000000e+00
8.760000e+00 5.477447e-02 -1.137289e-18 5.479787e-02 0.000000e+00
8.800000e+00 5.374506e-02 8.566659e-18 5.376856e-02 0.000000e+00
8.840000e+00 5.273960e-02 -3.895118e-19 5.276321e-02 0.000000e+00
8.880000e+00 5.175757e-02 2.029678e-18 5.178128e-02 0.000000e+00
8.920000e+00 5.079843e-02 -3.240630e-18 5.082225e-02 0.000000e+00
8.960000e+00 4.986166e-02 1.129736e-17 4.988558e-02 0.000000e+00
9.000000e+00 4.894672e-02 -2.004780e-18 4.897075e-02 0.000000e+00
9.040000e+00 4.805312e-02 4.737928e-18 4.807725e-02 0.000000e+00
9.080000e+00 4.718033e-02 -7.603726e-19 4.720457e-02 0.000000e+00
9.120000e+00 4.632785e-02 8.638075e-18 4.635221e-02 0.000000e+00
9.160000e+00 4.549519e-02 7.913395e-18 4.551966e-02 0.000000e+00
9.200000e+00 4.468186e-02 -1.567564e-18 4.470644e-02 0.000000e+00
9.240000e+00 4.388738e-02 -2.370711e-18 4.391208e-02 0.000000e+00
9.280000e+00 4.311129e-02 5.825689e-18 4.313610e-02 0.000000e+00
9.320000e+00 4.235311e-02 -3.975020e-18 4.237803e-02 0.000000e+00
9.360000e+00 4.161239e-02 -1.162526e-18 4.163744e-02 0.000000e+00
9.400000e+00 4.088870e-02 1.311594e-18 4.091387e-02 0.000000e+00
9.440000e+00 4.018160e-02 2.087635e-18 4.020689e-02 0.000000e+00
9.480000e+00 3.949067e-02 3.268014e-18 3.951607e-02 0.000000e+00
9.520000e+00 3.881548e-02 -3.082897e-18 3.884102e-02 0.000000e+00
9.560000e+00 3.815565e-02 -4.647052e-18 3.818130e-02 0.000000e+00
9.600000e+00 3.751076e-02 5.466666e-19 3.753654e-02 0.000000e+00
9.640000e+00 3.688044e-02 3.124051e-18 3.690635e-02 0.000000e+00
9.680000e+00 3.626431e-02 -1.179894e-19 3.629035e-02 0.000000e+00
9.720000e+00 3.566199e-02 5.365473e-19 3.568817e-02 0.000000e+00
9.760000e+00 3.507315e-02 -4.119187e-20 3.509945e-02 0.000000e+00
9.800000e+00 3.449741e-02 -7.755072e-19 3.452385e-02 0.000000e+00
9.840000e+00 3.393445e-02 -7.220368e-18 3.396102e-02 0.000000e+00
9.880000e+00 3.338393e-02 -5.157432e-18 3.341064e-02 0.000000e+00
9.920000e+00 3.284554e-02 2.320815e-18 3.287239e-02 0.000000e+00
9.960000e+00 3.231895e-02 -2.432670e-18 3.234594e-02 0.000000e+00
1.000000e+01 3.180386e-02 -6.917659e-18 3.183099e-02 0.000000e+00
1.004000e+01 3.129997e-02 -1.365438e-18 3.132725e-02 0.000000e+00
1.008000e+01 3.080700e-02 -1.424787e-18 3.083442e-02 0.000000e+00
1.012000e+01 3.032466e-02 -4.799490e-18 3.035223e-02 0.000000e+00
1.016000e+01 2.985268e-02 -6.149099e-19 2.988040e-02 0.000000e+00
1.020000e+01 2.939079e-02 -3.720863e-18 2.941866e-02 0.000000e+00
1.024000e+01 2.893874e-02 4.813031e-18 2.896676e-02 0.000000e+00
1.028000e+01 2.849626e-02 9.217926e-18 2.852444e-02 0.000000e+00
1.032000e+01 2.806312e-02 5.222126e-19 2.809145e-02 0.000000e+00
1.036000e+01 2.763908e-02 -1.473679e-18 2.766757e-02 0.000000e+00
1.040000e+01 2.722391e-02 -1.694138e-18 2.725256e-02 0.000000e+00
1.044000e+01 2.681737e-02 -5.089283e-18 2.684619e-02 0.000000e+00
1.048000e+01 2.641926e-02 2.015079e-18 2.644824e-02 0.000000e+00
1.052000e+01 2.602936e-02 -4.820998e-18 2.605851e-02 0.000000e+00
1.056000e+01 2.564746e-02 -6.198027e-19 2.567678e-02 0.000000e+00
1.060000e+01 2.527337e-02 -1.946484e-18 2.530285e-02 0.000000e+00
1.064000e+01 2.490687e-02 1.560358e-18 2.493654e-02 0.000000e+00
1.068000e+01 2.454780e-02 6.323275e-18 2.457764e-02 0.000000e+00
1.072000e+01 2.419596e-02 1.377504e-17 2.422597e-02 0.000000e+00
1.076000e+01 2.385116e-02 2.548733e-18 2.388136e-02 0.000000e+00
1.080000e+01 2.351325e-02 6.801122e-18 2.354363e-02 0.000000e+00
1.084000e+01 2.318204e-02 -9.344473e-20 2.321261e-02 0.000000e+00
1.088000e+01 2.285738e-02 1.666035e-18 2.288814e-02 0.000000e+00
1.092000e+01 2.253910e-02 4.855098e-18 2.257005e-02 0.000000e+00
1.096000e+01 2.222705e-02 2.144474e-19 2.225819e-02 0.000000e+00
1.100000e+01 2.192107e-02 -1.657969e-18 2.195241e-02 0.000000e+00
1.104000e+01 2.162102e-02 5.919411e-18 2.165256e-02 0.000000e+00
1.108000e+01 2.132676e-02 4.493992e-18 2.135849e-02 0.000000e+00
1.112000e+01 2.103814e-02 5.060015e-18 2.107008e-02 0.000000e+00
1.116000e+01 2.075503e-02 4.220049e-18 2.078718e-02 0.000000e+00
1.120000e+01 2.047730e-02 -9.138096e-18 2.050966e-02 0.000000e+00
1.124000e+01 2.020482e-02 5.157257e-18 2.023739e-02 0.000000e+00
1.128000e+01 1.993746e-02 -5.085584e-19 1.997025e-02 0.000000e+00
1.132000e+01 1.967511e-02 4.247825e-19 1.970813e-02 0.000000e+00
1.136000e+01 1.941765e-02 3.135225e-18 1.945089e-02 0.000000e+00
1.140000e+01 1.916496e-02 4.391520e-18 1.919842e-02 0.000000e+00
1.144000e+01 1.891693e-02 -4.583202e-18 1.895063e-02 0.000000e+00
1.148000e+01 1.867346e-02 -2.999073e-18 1.870738e-02 0.000000e+00
1.152000e+01 1.843443e-02 3.831366e-18 1.846859e-02 0.000000e+00
1.156000e+01 1.819974e-02 4.879689e-18 1.823415e-02 0.000000e+00
1.160000e+01 1.796930e-02 -9.688930e-18 1.800395e-02 0.000000e+00
1.164000e+01 1.774301e-02 1.496651e-18 1.777791e-02 0.000000e+00
1.168000e+01 1.752077e-02 1.245475e-18 1.755592e-02 0.000000e+00
1.172000e+01 1.730249e-02 -2.210218e-18 1.733790e-02 0.000000e+00
1.176000e+01 1.708808e-02 -1.012709e-17 1.712375e-02 0.000000e+00
1.180000e+01 1.687746e-02 -1.035447e-17 1.691338e-02 0.000000e+00
1.184000e+01 1.667053e-02 8.240845e-18 1.670672e-02 0.000000e+00
1.188000e+01 1.646722e-02 3.159369e-18 1.650369e-02 0.000000e+00
1.192000e+01 1.626744e-02 9.156558e-19 1.630419e-02 0.000000e+00
1.196000e+01 1.607112e-02 -4.145088e-18 1.610815e-02 0.000000e+00
1.200000e+01 1.587818e-02 -1.220418e-18 1.591549e-02 0.000000e+00
1.204000e+01 1.568855e-02 -6.652103e-18 1.572615e-02 0.000000e+00
1.208000e+01 1.550215e-02 -5.936023e-18 1.554005e-02 0.000000e+00
1.212000e+01 1.531891e-02 -4.006047e-18 1.535711e-02 0.000000e+00
1.216000e+01 1.513877e-02 -4.757239e-18 1.517727e-02 0.000000e+00
1.220000e+01 1.496165e-02 5.442350e-18 1.500047e-02 0.000000e+00
1.224000e+01 1.478750e-02 -4.936265e-18 1.482663e-02 0.000000e+00
1.228000e+01 1.461624e-02 -3.511725e-18 1.465569e-02 0.000000e+00
1.232000e+01 1.444782e-02 1.935704e-18 1.448760e-02 0.000000e+00
1.236000e+01 1.428217e-02 -1.207037e-17 1.432228e-02 0.000000e+00
1.240000e+01 1.411924e-02 -6.645481e-18 1.415969e-02 0.000000e+00
1.244000e+01 1.395897e-02 -3.905269e-18 1.399977e-02 0.000000e+00
1.248000e+01 1.380131e-02 -2.823322e-18 1.384245e-02 0.000000e+00
1.252000e+01 1.364619e-02 9.291907e-18 1.368769e-02 0.000000e+00
1.256000e+01 1.349356e-02 -3.998223e-18 1.353543e-02 0.000000e+00
1.260000e+01 1.334338e-02 -1.001761e-17 1.338561e-02 0.000000e+00
1.264000e+01 1.319559e-02 -3.858955e-18 1.323820e-02 0.000000e+00
1.268000e+01 1.305015e-02 -1.777765e-18 1.309314e-02 0.000000e+00
1.272000e+01 1.290700e-02 2.625274e-18 1.295038e-02 0.000000e+00
1.276000e+01 1.276609e-02 -3.051777e-18 1.280987e-02 0.000000e+00
1.280000e+01 1.262739e-02 -2.511145e-18 1.267157e-02 0.000000e+00
1.284000e+01 1.249085e-02 3.331270e-18 1.253544e-02 0.000000e+00
1.288000e+01 1.235642e-02 3.996480e-19 1.240143e-02 0.000000e+00
1.292000e+01 1.222405e-02 -6.191598e-18 1.226949e-02 0.000000e+00
1.296000e+01 1.209372e-02 2.120651e-18 1.213959e-02 0.000000e+00
1.300000e+01 1.196538e-02 -4.154406e-18 1.201169e-02 0.000000e+00
1.304000e+01 1.183898e-02 -6.515946e-18 1.188575e-02 0.000000e+00
1.308000e+01 1.171449e-02 -2.134486e-18 1.176172e-02 0.000000e+00
1.312000e+01 1.159188e-02 -1.369334e-18 1.163958e-02 0.000000e+00
1.316000e+01 1.147110e-02 3.235860e-18 1.151928e-02 0.000000e+00
1.320000e+01 1.135211e-02 -1.984970e-18 1.140078e-02 0.000000e+00
1.324000e+01 1.123490e-02 -8.998098e-18 1.128406e-02 0.000000e+00
1.328000e+01 1.111940e-02 7.890182e-19 1.116908e-02 0.000000e+00
1.332000e+01 1.100561e-02 -6.177282e-18 1.105580e-02 0.000000e+00
1.336000e+01 1.089347e-02 -7.661122e-18 1.094420e-02 0.000000e+00
1.340000e+01 1.078297e-02 -4.158068e-18 1.083424e-02 0.000000e+00
1.344000e+01 1.067406e-02 1.614185e-18 1.072588e-02 0.000000e+00
1.348000e+01 1.056673e-02 5.050417e-18 1.061911e-02 0.000000e+00
1.352000e+01 1.046092e-02 -2.410232e-18 1.051388e-02 0.000000e+00
1.356000e+01 1.035663e-02 -8.732742e-18 1.041018e-02 0.000000e+00
1.360000e+01 1.025382e-02 2.973173e-18 1.030796e-02 0.000000e+00
1.364000e+01 1.015245e-02 -4.333785e-18 1.020721e-02 0.000000e+00
1.368000e+01 1.005251e-02 5.092037e-18 1.010790e-02 0.000000e+00
1.372000e+01 9.953970e-03 7.252723e-18 1.001000e-02 0.000000e+00
1.376000e+01 9.856798e-03 8.113258e-19 9.913478e-03 0.000000e+00
1.380000e+01 9.760969e-03 1.097346e-17 9.818319e-03 0.000000e+00
1.384000e+01 9.666460e-03 1.629701e-18 9.724493e-03 0.000000e+00
1.388000e+01 9.573245e-03 -5.799169e-18 9.631977e-03 0.000000e+00
1.392000e+01 9.481300e-03 7.774628e-18 9.540748e-03 0.000000e+00
1.396000e+01 9.390602e-03 -1.588081e-18 9.450782e-03 0.000000e+00
1.400000e+01 9.301127e-03 -3.104754e-18 9.362055e-03 0.000000e+00
1.404000e+01 9.212853e-03 1.040437e-18 9.274547e-03 0.000000e+00
1.408000e+01 9.125757e-03 5.219576e-18 9.188236e-03 0.000000e+00
1.412000e+01 9.039818e-03 1.248323e-17 9.103099e-03 0.000000e+00
1.416000e+01 8.955014e-03 -4.163303e-18 9.019117e-03 0.000000e+00
1.420000e+01 8.871324e-03 -1.888761e-18 8.936269e-03 0.000000e+00
1.424000e+01 8.788727e-03 -7.211955e-18 8.854534e-03 0.000000e+00
1.428000e+01 8.707205e-03 -5.074192e-19 8.773895e-03 0.000000e+00
1.432000e+01 8.626736e-03 4.010836e-18 8.694331e-03 0.000000e+00
1.436000e+01 8.547301e-03 8.500878e-18 8.615824e-03 0.000000e+00
1.440000e+01 8.468882e-03 4.609549e-18 8.538355e-03 0.000000e+00
1.444000e+01 8.391459e-03 5.435607e-18 8.461908e-03 0.000000e+00
1.448000e+01 8.315015e-03 1.865553e-18 8.386463e-03 0.000000e+00
1.452000e+01 8.239531e-03 -6.563312e-18 8.312005e-03 0.000000e+00
1.456000e+01 8.164990e-03 1.441765e-18 8.238516e-03 0.000000e+00
1.460000e+01 8.091374e-03 3.350021e-18 8.165980e-03 0.000000e+00
1.464000e+01 8.018666e-03 5.147373e-18 8.094380e-03 0.000000e+00
1.468000e+01 7.946850e-03 -2.601080e-18 8.023702e-03 0.000000e+00
1.472000e+01 7.875909e-03 2.348252e-18 7.953929e-03 0.000000e+00
1.476000e+01 7.805826e-03 6.915991e-18 7.885047e-03 0.000000e+00
1.480000e+01 7.736586e-03 -1.698334e-18 7.817040e-03 0.000000e+00
1.484000e+01 7.668174e-03 1.156189e-18 7.749895e-03 0.000000e+00
1.488000e+01 7.600572e-03 8.408140e-18 7.683596e-03 0.000000e+00
1.492000e+01 7.533767e-03 2.358635e-18 7.618131e-03 0.000000e+00
1.496000e+01 7.467744e-03 7.774576e-18 7.553485e-03 0.000000e+00
1.500000e+01 7.402486e-03 7.096600e-18 7.489644e-03 0.000000e+00
1.504000e+01 7.337981e-03 1.243886e-17 7.426597e-03 0.000000e+00
1.508000e+01 7.274212e-03 1.522753e-17 7.364329e-03 0.000000e+00
1.512000e+01 7.211167e-03 3.956379e-18 7.302829e-03 0.000000e+00
1.516000e+01 7.148831e-03 -1.570483e-18 7.242084e-03 0.000000e+00
1.520000e+01 7.087190e-03 8.733668e-18 7.182082e-03 0.000000e+00
1.524000e+01 7.026230e-03 -1.624302e-18 7.122811e-03 0.000000e+00
1.528000e+01 6.965937e-03 1.003640e-17 7.064260e-03 0.000000e+00
1.532000e+01 6.906298e-03 8.924810e-18 7.006416e-03 0.000000e+00
1.536000e+01 6.847300e-03 7.453650e-18 6.949269e-03 0.000000e+00
1.540000e+01 6.788930e-03 1.367963e-17 6.892808e-03 0.000000e+00
1.544000e+01 6.731173e-03 4.405227e-18 6.837022e-03 0.000000e+00
1.548000e+01 6.674017e-03 3.171957e-19 6.781901e-03 0.000000e+00
1.552000e+01 6.617450e-03 5.225630e-18 6.727434e-03 0.000000e+00
1.556000e+01 6.561457e-03 -2.012465e-18 6.673611e-03 0.000000e+00
1.560000e+01 6.506025e-03 6.053251e-18 6.620422e-03 0.000000e+00
1.564000e+01 6.451143e-03 5.669274e-18 6.567857e-03 0.000000e+00
1.568000e+01 6.396797e-03 3.669498e-18 6.515907e-03 0.000000e+00
1.572000e+01 6.342973e-03 8.109294e-18 6.464563e-03 0.000000e+00
1.576000e+01 6.289660e-03 1.207781e-18 6.413814e-03 0.000000e+00
1.580000e+01 6.236844e-03 3.744394e-18 6.363652e-03 0.000000e+00
1.584000e+01 6.184512e-03 3.540711e-18 6.314069e-03 0.000000e+00
1.588000e+01 6.132651e-03 -1.660947e-18 6.265055e-03 0.000000e+00
1.592000e+01 6.081248e-03 1.322400e-17 6.216601e-03 0.000000e+00
1.596000e+01 6.030290e-03 8.752367e-18 6.168701e-03 0.000000e+00
1.600000e+01 5.979762e-03 1.253018e-17 6.121344e-03 0.000000e+00
1.604000e+01 5.929653e-03 1.007716e-17 6.074523e-03 0.000000e+00
1.608000e+01 5.879948e-03 7.333134e-18 6.028231e-03 0.000000e+00
1.612000e+01 5.830633e-03 9.680333e-19 5.982459e-03 0.000000e+00
1.616000e+01 5.781695e-03 8.889202e-18 5.937199e-03 0.000000e+00
1.620000e+01 5.733119e-03 6.898488e-18 5.892445e-03 0.000000e+00
1.624000e+01 5.684890e-03 6.495267e-18 5.848189e-03 0.000000e+00
1.628000e+01 5.636995e-03 6.185440e-18 5.804422e-03 0.000000e+00
1.632000e+01 5.589418e-03 5.876789e-18 5.761140e-03 0.000000e+00
1.636000e+01 5.542143e-03 9.231475e-18 5.718333e-03 0.000000e+00
1.640000e+01 5.495156e-03 -4.225431e-18 5.675997e-03 0.000000e+00
1.644000e+01 5.448440e-03 3.475491e-18 5.634122e-03 0.000000e+00
1.648000e+01 5.401980e-03 8.884695e-18 5.592704e-03 0.000000e+00
1.652000e+01 5.355758e-03 1.839341e-19 5.551736e-03 0.000000e+00
1.656000e+01 5.309757e-03 1.229770e-18 5.511211e-03 0.000000e+00
1.660000e+01 5.263961e-03 9.849384e-18 5.471122e-03 0.000000e+00
1.664000e+01 5.218350e-03 6.563735e-18 5.431464e-03 0.000000e+00
1.668000e+01 5.172908e-03 6.749526e-18 5.392231e-03 0.000000e+00
1.672000e+01 5.127616e-03 3.791510e-18 5.353417e-03 0.000000e+00
1.676000e+01 5.082454e-03 4.920895e-18 5.315015e-03 0.000000e+00
1.680000e+01 5.037403e-03 6.913526e-18 5.277021e-03 0.000000e+00
1.684000e+01 4.992443e-03 -6.651479e-18 5.239427e-03 0.000000e+00
1.688000e+01 4.947556e-03 2.511542e-18 5.202230e-03 0.000000e+00
1.692000e+01 4.902719e-03 -2.851168e-19 5.165423e-03 0.000000e+00
1.696000e+01 4.857914e-03 2.989386e-18 5.129001e-03 0.000000e+00
1.700000e+01 4.813120e-03 3.832427e-18 5.092958e-03 0.000000e+00
1.704000e+01 4.768316e-03 1.169465e-18 5.057290e-03 0.000000e+00
1.708000e+01 4.723484e-03 -1.514895e-18 5.021991e-03 0.000000e+00
1.712000e+01 4.678604e-03 5.121060e-18 4.987057e-03 0.000000e+00
1.716000e+01 4.633656e-03 -7.287517e-18 4.952482e-03 0.000000e+00
1.720000e+01 4.588625e-03 -1.440774e-19 4.918262e-03 0.000000e+00
1.724000e+01 4.543493e-03 5.614358e-18 4.884391e-03 0.000000e+00
1.728000e+01 4.498247e-03 1.706350e-18 4.850865e-03 0.000000e+00
1.732000e+01 4.452875e-03 9.604100e-18 4.817680e-03 0.000000e+00
1.736000e+01 4.407367e-03 -1.396247e-18 4.784830e-03 0.000000e+00
1.740000e+01 4.361717e-03 2.246674e-18 4.752312e-03 0.000000e+00
1.744000e+01 4.315923e-03 -4.527659e-18 4.720121e-03 0.000000e+00
1.748000e+01 4.269986e-03 -6.466098e-18 4.688253e-03 0.000000e+00
1.752000e+01 4.223914e-03 6.532815e-18 4.656703e-03 0.000000e+00
1.756000e+01 4.177718e-03 3.568451e-18 4.625468e-03 0.000000e+00
1.760000e+01 4.131416e-03 5.231802e-18 4.594542e-03 0.000000e+00
1.764000e+01 4.085033e-03 4.145444e-18 4.563923e-03 0.000000e+00
1.768000e+01 4.038598e-03 1.151771e-18 4.533606e-03 0.000000e+00
1.772000e+01 3.992149e-03 3.542175e-18 4.503586e-03 0.000000e+00
1.776000e+01 3.945729e-03 5.666492e-18 4.473862e-03 0.000000e+00
1.780000e+01 3.899388e-03 4.519526e-18 4.444427e-03 0.000000e+00
1.784000e+01 3.853181e-03 4.450230e-18 4.415280e-03 0.000000e+00
1.788000e+01 3.807169e-03 -7.062268e-19 4.386415e-03 0.000000e+00
1.792000e+01 3.761415e-03 1.338809e-19 4.357831e-03 0.000000e+00
1.796000e+01 3.715986e-03 2.253145e-18 4.329522e-03 0.000000e+00
1.800000e+01 3.670951e-03 -3.950751e-18 4.301485e-03 0.000000e+00
1.804000e+01 3.626378e-03 -1.346111e-18 4.273717e-03 0.000000e+00
1.808000e+01 3.582334e-03 2.583042e-19 4.246215e-03 0.000000e+00
1.812000e+01 3.538885e-03 -4.535434e-18 4.218975e-03 0.000000e+00
1.816000e+01 3.496090e-03 7.508150e-19 4.191995e-03 0.000000e+00
1.820000e+01 3.454005e-03 6.096597e-18 4.165269e-03 0.000000e+00
1.824000e+01 3.412682e-03 3.485902e-19 4.138797e-03 0.000000e+00
1.828000e+01 3.372163e-03 4.091554e-18 4.112573e-03 0.000000e+00
1.832000e+01 3.332485e-03 -1.101366e-18 4.086596e-03 0.000000e+00
1.836000e+01 3.293677e-03 5.069735e-19 4.060862e-03 0.000000e+00
1.840000e+01 3.255763e-03 1.912685e-18 4.035369e-03 0.000000e+00
1.844000e+01 3.218759e-03 -5.671391e-18 4.010112e-03 0.000000e+00
1.848000e+01 3.182673e-03 8.646388e-18 3.985090e-03 0.000000e+00
1.852000e+01 3.147510e-03 5.888003e-18 3.960300e-03 0.000000e+00
1.856000e+01 3.113267e-03 -1.129625e-18 3.935738e-03 0.000000e+00
1.860000e+01 3.079939e-03 5.108156e-18 3.911402e-03 0.000000e+00
1.864000e+01 3.047513e-03 -3.416926e-18 3.887289e-03 0.000000e+00
1.868000e+01 3.015977e-03 -1.674819e-18 3.863397e-03 0.000000e+00
1.872000e+01 2.985312e-03 -2.621450e-18 3.839722e-03 0.000000e+00
1.876000e+01 2.955500e-03 -9.934347e-18 3.816263e-03 0.000000e+00
1.880000e+01 2.926519e-03 -8.551573e-18 3.793016e-03 0.000000e+00
1.884000e+01 2.898345e-03 3.072523e-18 3.769979e-03 0.000000e+00
1.888000e+01 2.870956e-03 3.612208e-18 3.747150e-03 0.000000e+00
1.892000e+01 2.844326e-03 7.958792e-18 3.724526e-03 0.000000e+00
1.896000e+01 2.818432e-03 -7.990491e-18 3.702104e-03 0.000000e+00
1.900000e+01 2.793247e-03 7.980263e-19 3.679883e-03 0.000000e+00
1.904000e+01 2.768748e-03 -1.000177e-17 3.657860e-03 0.000000e+00
1.908000e+01 2.744910e-03 -1.531285e-17 3.636032e-03 0.000000e+00
1.912000e+01 2.721708e-03 1.178566e-18 3.614398e-03 0.000000e+00
1.916000e+01 2.699120e-03 8.143238e-18 3.592954e-03 0.000000e+00
1.920000e+01 2.677123e-03 6.811442e-18 3.571700e-03 0.000000e+00
1.924000e+01 2.655694e-03 -7.810051e-19 3.550632e-03 0.000000e+00
1.928000e+01 2.634813e-03 -6.213339e-18 3.529748e-03 0.000000e+00
1.932000e+01 2.614459e-03 -2.156929e-19 3.509047e-03 0.000000e+00
1.936000e+01 2.594612e-03 3.201115e-18 3.488526e-03 0.000000e+00
1.940000e+01 2.575252e-03 -2.507427e-18 3.468184e-03 0.000000e+00
1.944000e+01 2.556363e-03 4.726006e-18 3.448017e-03 0.000000e+00
1.948000e+01 2.537926e-03 -3.413676e-18 3.428024e-03 0.000000e+00
1.952000e+01 2.519925e-03 -4.450973e-18 3.408204e-03 0.000000e+00
1.956000e+01 2.502345e-03 3.407644e-18 3.388554e-03 0.000000e+00
1.960000e+01 2.485169e-03 -1.516113e-18 3.369072e-03 0.000000e+00
1.964000e+01 2.468383e-03 -1.348780e-18 3.349756e-03 0.000000e+00
1.968000e+01 2.451974e-03 -6.443934e-19 3.330605e-03 0.000000e+00
1.972000e+01 2.435928e-03 -7.770168e-18 3.311616e-03 0.000000e+00
1.976000e+01 2.420233e-03 4.117396e-18 3.292788e-03 0.000000e+00
1.980000e+01 2.404878e-03 3.184509e-18 3.274119e-03 0.000000e+00
1.984000e+01 2.389849e-03 -7.872678e-18 3.255608e-03 0.000000e+00
1.988000e+01 2.375137e-03 -2.543309e-18 3.237252e-03 0.000000e+00
1.992000e+01 2.360732e-03 -2.709000e-19 3.219049e-03 0.000000e+00
1.996000e+01 2.346623e-03 1.491495e-18 3.200999e-03 0.000000e+00
