# "w" "numerical(real, imag)" "exact(real, imag)"
-5.000000e+00 2.289923e-02 -5.140680e-18 2.195241e-02 0.000000e+00
-4.990000e+00 2.289972e-02 -3.295759e-18 2.202829e-02 0.000000e+00
-4.980000e+00 2.290096e-02 -6.892995e-18 2.210455e-02 0.000000e+00
-4.970000e+00 2.290294e-02 -2.687038e-18 2.218118e-02 0.000000e+00
-4.960000e+00 2.290565e-02 -3.608072e-18 2.225819e-02 0.000000e+00
-4.950000e+00 2.290910e-02 5.175043e-18 2.233558e-02 0.000000e+00
-4.940000e+00 2.291329e-02 -3.327959e-18 2.241335e-02 0.000000e+00
-4.930000e+00 2.291822e-02 -1.491453e-17 2.249150e-02 0.000000e+00
-4.920000e+00 2.292389e-02 -7.443733e-18 2.257005e-02 0.000000e+00
-4.910000e+00 2.293030e-02 -6.188833e-18 2.264898e-02 0.000000e+00
-4.900000e+00 2.293745e-02 -7.021113e-18 2.272830e-02 0.000000e+00
-4.890000e+00 2.294534e-02 -4.201408e-18 2.280802e-02 0.000000e+00
-4.880000e+00 2.295398e-02 -7.019008e-18 2.288814e-02 0.000000e+00
-4.870000e+00 2.296336e-02 5.855855e-18 2.296865e-02 0.000000e+00
-4.860000e+00 2.297348e-02 -7.003072e-18 2.304957e-02 0.000000e+00
-4.850000e+00 2.298436e-02 -1.228807e-17 2.313088e-02 0.000000e+00
-4.840000e+00 2.299598e-02 -2.637871e-18 2.321261e-02 0.000000e+00
-4.830000e+00 2.300835e-02 -1.015271e-19 2.329475e-02 0.000000e+00
-4.820000e+00 2.302146e-02 -3.556974e-18 2.337729e-02 0.000000e+00
-4.810000e+00 2.303534e-02 -4.856095e-18 2.346025e-02 0.000000e+00
-4.800000e+00 2.304996e-02 -5.708773e-18 2.354363e-02 0.000000e+00
-4.790000e+00 2.306534e-02 9.061651e-19 2.362743e-02 0.000000e+00
-4.780000e+00 2.308148e-02 -4.838715e-18 2.371165e-02 0.000000e+00
-4.770000e+00 2.309837e-02 -1.568260e-17 2.379629e-02 0.000000e+00
-4.760000e+00 2.311603e-02 -5.734055e-18 2.388136e-02 0.000000e+00
-4.750000e+00 2.313445e-02 -6.573161e-18 2.396686e-02 0.000000e+00
-4.740000e+00 2.315363e-02 -7.385929e-18 2.405280e-02 0.000000e+00
-4.730000e+00 2.317359e-02 -7.819967e-18 2.413916e-02 0.000000e+00
-4.720000e+00 2.319431e-02 -3.106686e-18 2.422597e-02 0.000000e+00
-4.710000e+00 2.321580e-02 -3.919976e-18 2.431322e-02 0.000000e+00
-4.700000e+00 2.323807e-02 -1.833680e-18 2.440091e-02 0.000000e+00
-4.690000e+00 2.326111e-02 -1.227079e-17 2.448905e-02 0.000000e+00
-4.680000e+00 2.328494e-02 -3.570691e-18 2.457764e-02 0.000000e+00
-4.670000e+00 2.330955e-02 -6.094394e-18 2.466668e-02 0.000000e+00
-4.660000e+00 2.333494e-02 -2.707001e-18 2.475617e-02 0.000000e+00
-4.650000e+00 2.336112e-02 -8.917097e-19 2.484612e-02 0.000000e+00
-4.640000e+00 2.338809e-02 -1.340327e-19 2.493654e-02 0.000000e+00
-4.630000e+00 2.341586e-02 4.282282e-18 2.502741e-02 0.000000e+00
-4.620000e+00 2.344443e-02 -7.076310e-18 2.511875e-02 0.000000e+00
-4.610000e+00 2.347379e-02 -1.306773e-17 2.521057e-02 0.000000e+00
-4.600000e+00 2.350396e-02 -7.294637e-18 2.530285e-02 0.000000e+00
-4.590000e+00 2.353494e-02 -1.372855e-19 2.539561e-02 0.000000e+00
-4.580000e+00 2.356673e-02 -9.908562e-18 2.548885e-02 0.000000e+00
-4.570000e+00 2.359934e-02 -3.857222e-18 2.558257e-02 0.000000e+00
-4.560000e+00 2.363276e-02 1.129306e-18 2.567678e-02 0.000000e+00
-4.550000e+00 2.366701e-02 3.621759e-18 2.577147e-02 0.000000e+00
-4.540000e+00 2.370209e-02 -8.862553e-18 2.586666e-02 0.000000e+00
-4.530000e+00 2.373800e-02 -1.563797e-17 2.596233e-02 0.000000e+00
-4.520000e+00 2.377474e-02 -6.094352e-18 2.605851e-02 0.000000e+00
-4.510000e+00 2.381232e-02 -5.733075e-18 2.615518e-02 0.000000e+00
-4.500000e+00 2.385075e-02 -1.049484e-17 2.625236e-02 0.000000e+00
-4.490000e+00 2.389002e-02 1.674644e-18 2.635005e-02 0.000000e+00
-4.480000e+00 2.393015e-02 -5.021483e-18 2.644824e-02 0.000000e+00
-4.470000e+00 2.397114e-02 -2.009417e-18 2.654695e-02 0.000000e+00
-4.460000e+00 2.401299e-02 -1.243884e-17 2.664618e-02 0.000000e+00
-4.450000e+00 2.405570e-02 -1.677451e-17 2.674592e-02 0.000000e+00
-4.440000e+00 2.409929e-02 -4.160813e-18 2.684619e-02 0.000000e+00
-4.430000e+00 2.414376e-02 6.903544e-18 2.694698e-02 0.000000e+00
-4.420000e+00 2.418911e-02 -5.234861e-18 2.704831e-02 0.000000e+00
-4.410000e+00 2.423535e-02 -2.988813e-18 2.715016e-02 0.000000e+00
-4.400000e+00 2.428248e-02 -7.016654e-18 2.725256e-02 0.000000e+00
-4.390000e+00 2.433052e-02 8.241422e-19 2.735549e-02 0.000000e+00
-4.380000e+00 2.437945e-02 -7.422770e-18 2.745897e-02 0.000000e+00
-4.370000e+00 2.442930e-02 -1.739525e-17 2.756300e-02 0.000000e+00
-4.360000e+00 2.448006e-02 -3.933538e-18 2.766757e-02 0.000000e+00
-4.350000e+00 2.453175e-02 -3.924984e-18 2.777270e-02 0.000000e+00
-4.340000e+00 2.458437e-02 -3.474891e-18 2.787839e-02 0.000000e+00
-4.330000e+00 2.463792e-02 -3.396493e-18 2.798464e-02 0.000000e+00
-4.320000e+00 2.469241e-02 -1.729100e-18 2.809145e-02 0.000000e+00
-4.310000e+00 2.474785e-02 -7.374530e-18 2.819884e-02 0.000000e+00
-4.300000e+00 2.480424e-02 -3.037574e-18 2.830679e-02 0.000000e+00
-4.290000e+00 2.486159e-02 -6.056307e-18 2.841532e-02 0.000000e+00
-4.280000e+00 2.491991e-02 -3.535734e-18 2.852444e-02 0.000000e+00
-4.270000e+00 2.497921e-02 -3.037314e-18 2.863413e-02 0.000000e+00
-4.260000e+00 2.503948e-02 -1.722558e-18 2.874441e-02 0.000000e+00
-4.250000e+00 2.510075e-02 2.613993e-18 2.885529e-02 0.000000e+00
-4.240000e+00 2.516300e-02 -2.613373e-18 2.896676e-02 0.000000e+00
-4.230000e+00 2.522627e-02 1.696911e-18 2.907882e-02 0.000000e+00
-4.220000e+00 2.529054e-02 -6.884967e-18 2.919149e-02 0.000000e+00
-4.210000e+00 2.535582e-02 -6.886188e-18 2.930477e-02 0.000000e+00
-4.200000e+00 2.542214e-02 1.962274e-18 2.941866e-02 0.000000e+00
-4.190000e+00 2.548948e-02 2.479273e-19 2.953316e-02 0.000000e+00
-4.180000e+00 2.555787e-02 4.029030e-19 2.964828e-02 0.000000e+00
-4.170000e+00 2.562730e-02 6.441553e-18 2.976403e-02 0.000000e+00
-4.160000e+00 2.569779e-02 3.026342e-18 2.988040e-02 0.000000e+00
-4.150000e+00 2.576935e-02 8.177252e-18 2.999740e-02 0.000000e+00
-4.140000e+00 2.584198e-02 -2.396663e-19 3.011503e-02 0.000000e+00
-4.130000e+00 2.591568e-02 -1.031662e-18 3.023331e-02 0.000000e+00
-4.120000e+00 2.599048e-02 -4.988136e-18 3.035223e-02 0.000000e+00
-4.110000e+00 2.606638e-02 -2.098759e-18 3.047179e-02 0.000000e+00
-4.100000e+00 2.614338e-02 2.581527e-19 3.059201e-02 0.000000e+00
-4.090000e+00 2.622150e-02 9.815294e-18 3.071289e-02 0.000000e+00
-4.080000e+00 2.630074e-02 -1.098682e-17 3.083442e-02 0.000000e+00
-4.070000e+00 2.638112e-02 7.344750e-18 3.095662e-02 0.000000e+00
-4.060000e+00 2.646264e-02 -8.097862e-20 3.107949e-02 0.000000e+00
-4.050000e+00 2.654531e-02 -5.408749e-19 3.120303e-02 0.000000e+00
-4.040000e+00 2.662914e-02 6.093037e-18 3.132725e-02 0.000000e+00
-4.030000e+00 2.671414e-02 -2.510194e-18 3.145215e-02 0.000000e+00
-4.020000e+00 2.680032e-02 8.101368e-18 3.157774e-02 0.000000e+00
-4.010000e+00 2.688769e-02 -2.259241e-18 3.170401e-02 0.000000e+00
-4.000000e+00 2.697626e-02 6.975716e-18 3.183099e-02 0.000000e+00
-3.990000e+00 2.706604e-02 2.985082e-18 3.195866e-02 0.000000e+00
-3.980000e+00 2.715704e-02 -8.135033e-19 3.208704e-02 0.000000e+00
-3.970000e+00 2.724926e-02 -4.937277e-18 3.221613e-02 0.000000e+00
-3.960000e+00 2.734273e-02 -4.032858e-18 3.234594e-02 0.000000e+00
-3.950000e+00 2.743744e-02 7.153621e-19 3.247646e-02 0.000000e+00
-3.940000e+00 2.753341e-02 5.440484e-18 3.260770e-02 0.000000e+00
-3.930000e+00 2.763066e-02 -3.836981e-18 3.273968e-02 0.000000e+00
-3.920000e+00 2.772918e-02 2.677689e-18 3.287239e-02 0.000000e+00
-3.910000e+00 2.782899e-02 -5.191063e-18 3.300583e-02 0.000000e+00
-3.900000e+00 2.793010e-02 5.732180e-18 3.314002e-02 0.000000e+00
-3.890000e+00 2.803252e-02 -2.038443e-18 3.327496e-02 0.000000e+00
-3.880000e+00 2.813626e-02 -2.551221e-18 3.341064e-02 0.000000e+00
-3.870000e+00 2.824134e-02 4.127399e-18 3.354709e-02 0.000000e+00
-3.860000e+00 2.834776e-02 3.565112e-18 3.368430e-02 0.000000e+00
-3.850000e+00 2.845553e-02 -8.544719e-19 3.382228e-02 0.000000e+00
-3.840000e+00 2.856466e-02 5.312840e-18 3.396102e-02 0.000000e+00
-3.830000e+00 2.867518e-02 6.514332e-18 3.410055e-02 0.000000e+00
-3.820000e+00 2.878707e-02 1.014188e-18 3.424086e-02 0.000000e+00
-3.810000e+00 2.890037e-02 -2.972116e-18 3.438196e-02 0.000000e+00
-3.800000e+00 2.901507e-02 -4.893399e-18 3.452385e-02 0.000000e+00
-3.790000e+00 2.913119e-02 1.735270e-18 3.466654e-02 0.000000e+00
-3.780000e+00 2.924875e-02 -1.015242e-18 3.481003e-02 0.000000e+00
-3.770000e+00 2.936774e-02 6.536532e-18 3.495433e-02 0.000000e+00
-3.760000e+00 2.948818e-02 -8.059514e-18 3.509945e-02 0.000000e+00
-3.750000e+00 2.961009e-02 2.416331e-18 3.524539e-02 0.000000e+00
-3.740000e+00 2.973347e-02 -4.267878e-18 3.539215e-02 0.000000e+00
-3.730000e+00 2.985834e-02 1.977923e-18 3.553974e-02 0.000000e+00
-3.720000e+00 2.998470e-02 7.020162e-19 3.568817e-02 0.000000e+00
-3.710000e+00 3.011257e-02 1.603609e-18 3.583743e-02 0.000000e+00
-3.700000e+00 3.024195e-02 -3.274918e-18 3.598755e-02 0.000000e+00
-3.690000e+00 3.037287e-02 1.489768e-17 3.613852e-02 0.000000e+00
-3.680000e+00 3.050532e-02 -3.710061e-18 3.629035e-02 0.000000e+00
-3.670000e+00 3.063932e-02 -6.451469e-18 3.644304e-02 0.000000e+00
-3.660000e+00 3.077489e-02 8.424579e-19 3.659660e-02 0.000000e+00
-3.650000e+00 3.091202e-02 -1.244289e-17 3.675103e-02 0.000000e+00
-3.640000e+00 3.105074e-02 -1.089071e-18 3.690635e-02 0.000000e+00
-3.630000e+00 3.119104e-02 -2.885864e-19 3.706255e-02 0.000000e+00
-3.620000e+00 3.133295e-02 7.780135e-18 3.721965e-02 0.000000e+00
-3.610000e+00 3.147647e-02 -3.920682e-18 3.737764e-02 0.000000e+00
-3.600000e+00 3.162162e-02 5.743436e-18 3.753654e-02 0.000000e+00
-3.590000e+00 3.176839e-02 1.917043e-18 3.769635e-02 0.000000e+00
-3.580000e+00 3.191681e-02 -9.914310e-19 3.785708e-02 0.000000e+00
-3.570000e+00 3.206688e-02 -3.212212e-18 3.801873e-02 0.000000e+00
-3.560000e+00 3.221860e-02 -4.343014e-18 3.818130e-02 0.000000e+00
-3.550000e+00 3.237200e-02 -2.520327e-18 3.834481e-02 0.000000e+00
-3.540000e+00 3.252708e-02 2.315833e-18 3.850927e-02 0.000000e+00
-3.530000e+00 3.268385e-02 3.732703e-18 3.867466e-02 0.000000e+00
-3.520000e+00 3.284231e-02 4.295490e-18 3.884102e-02 0.000000e+00
-3.510000e+00 3.300248e-02 -8.957273e-18 3.900833e-02 0.000000e+00
-3.500000e+00 3.316436e-02 3.993788e-18 3.917660e-02 0.000000e+00
-3.490000e+00 3.332796e-02 3.023486e-18 3.934585e-02 0.000000e+00
-3.480000e+00 3.349329e-02 3.472702e-19 3.951607e-02 0.000000e+00
-3.470000e+00 3.366036e-02 2.533017e-18 3.968729e-02 0.000000e+00
-3.460000e+00 3.382917e-02 1.382545e-18 3.985949e-02 0.000000e+00
-3.450000e+00 3.399973e-02 1.766522e-18 4.003268e-02 0.000000e+00
-3.440000e+00 3.417205e-02 2.710711e-18 4.020689e-02 0.000000e+00
-3.430000e+00 3.434613e-02 2.459256e-18 4.038210e-02 0.000000e+00
-3.420000e+00 3.452199e-02 -1.234121e-18 4.055833e-02 0.000000e+00
-3.410000e+00 3.469961e-02 4.786905e-18 4.073558e-02 0.000000e+00
-3.400000e+00 3.487903e-02 -1.385435e-18 4.091387e-02 0.000000e+00
-3.390000e+00 3.506022e-02 9.201540e-18 4.109319e-02 0.000000e+00
-3.380000e+00 3.524321e-02 1.807475e-19 4.127355e-02 0.000000e+00
-3.370000e+00 3.542800e-02 1.485415e-17 4.145497e-02 0.000000e+00
-3.360000e+00 3.561458e-02 -2.331258e-18 4.163744e-02 0.000000e+00
-3.350000e+00 3.580297e-02 1.246144e-18 4.182097e-02 0.000000e+00
-3.340000e+00 3.599317e-02 -8.285828e-19 4.200558e-02 0.000000e+00
-3.330000e+00 3.618518e-02 7.580135e-18 4.219126e-02 0.000000e+00
-3.320000e+00 3.637900e-02 5.617363e-18 4.237803e-02 0.000000e+00
-3.310000e+00 3.657463e-02 1.010367e-17 4.256589e-02 0.000000e+00
-3.300000e+00 3.677209e-02 -2.248514e-18 4.275485e-02 0.000000e+00
-3.290000e+00 3.697136e-02 1.084470e-17 4.294492e-02 0.000000e+00
-3.280000e+00 3.717246e-02 1.916487e-19 4.313610e-02 0.000000e+00
-3.270000e+00 3.737537e-02 -6.671067e-18 4.332839e-02 0.000000e+00
-3.260000e+00 3.758011e-02 -4.047761e-19 4.352182e-02 0.000000e+00
-3.250000e+00 3.778667e-02 -6.720352e-19 4.371638e-02 0.000000e+00
-3.240000e+00 3.799505e-02 5.867893e-18 4.391208e-02 0.000000e+00
-3.230000e+00 3.820526e-02 3.001039e-18 4.410893e-02 0.000000e+00
-3.220000e+00 3.841728e-02 2.230139e-17 4.430694e-02 0.000000e+00
-3.210000e+00 3.863113e-02 -1.195778e-18 4.450610e-02 0.000000e+00
-3.200000e+00 3.884679e-02 8.479019e-18 4.470644e-02 0.000000e+00
-3.190000e+00 3.906426e-02 1.139989e-18 4.490796e-02 0.000000e+00
-3.180000e+00 3.928356e-02 -4.366755e-19 4.511067e-02 0.000000e+00
-3.170000e+00 3.950466e-02 3.681985e-18 4.531456e-02 0.000000e+00
-3.160000e+00 3.972756e-02 -1.123948e-18 4.551966e-02 0.000000e+00
-3.150000e+00 3.995228e-02 4.304497e-18 4.572597e-02 0.000000e+00
-3.140000e+00 4.017879e-02 1.039082e-17 4.593349e-02 0.000000e+00
-3.130000e+00 4.040710e-02 1.291533e-17 4.614223e-02 0.000000e+00
-3.120000e+00 4.063720e-02 1.240671e-18 4.635221e-02 0.000000e+00
-3.110000e+00 4.086909e-02 -8.693184e-18 4.656342e-02 0.000000e+00
-3.100000e+00 4.110276e-02 8.169147e-18 4.677588e-02 0.000000e+00
-3.090000e+00 4.133821e-02 9.000926e-18 4.698960e-02 0.000000e+00
-3.080000e+00 4.157543e-02 8.587755e-19 4.720457e-02 0.000000e+00
-3.070000e+00 4.181442e-02 6.917618e-18 4.742082e-02 0.000000e+00
-3.060000e+00 4.205517e-02 5.551895e-18 4.763834e-02 0.000000e+00
-3.050000e+00 4.229768e-02 2.566681e-18 4.785715e-02 0.000000e+00
-3.040000e+00 4.254193e-02 5.555341e-18 4.807725e-02 0.000000e+00
-3.030000e+00 4.278793e-02 1.728055e-18 4.829866e-02 0.000000e+00
-3.020000e+00 4.303566e-02 1.588660e-18 4.852137e-02 0.000000e+00
-3.010000e+00 4.328513e-02 9.444753e-18 4.874540e-02 0.000000e+00
-3.000000e+00 4.353631e-02 4.376007e-18 4.897075e-02 0.000000e+00
-2.990000e+00 4.378922e-02 9.688480e-18 4.919744e-02 0.000000e+00
-2.980000e+00 4.404383e-02 -9.396715e-19 4.942547e-02 0.000000e+00
-2.970000e+00 4.430014e-02 1.029162e-17 4.965484e-02 0.000000e+00
-2.960000e+00 4.455816e-02 3.714689e-18 4.988558e-02 0.000000e+00
-2.950000e+00 4.481786e-02 3.563074e-18 5.011768e-02 0.000000e+00
-2.940000e+00 4.507924e-02 5.661442e-18 5.035115e-02 0.000000e+00
-2.930000e+00 4.534229e-02 9.053874e-18 5.058600e-02 0.000000e+00
-2.920000e+00 4.560702e-02 2.676506e-20 5.082225e-02 0.000000e+00
-2.910000e+00 4.587340e-02 7.005170e-18 5.105989e-02 0.000000e+00
-2.900000e+00 4.614144e-02 4.517179e-18 5.129893e-02 0.000000e+00
-2.890000e+00 4.641113e-02 1.448581e-17 5.153940e-02 0.000000e+00
-2.880000e+00 4.668246e-02 6.349647e-19 5.178128e-02 0.000000e+00
-2.870000e+00 4.695542e-02 -5.812194e-18 5.202460e-02 0.000000e+00
-2.860000e+00 4.723001e-02 -7.092600e-19 5.226935e-02 0.000000e+00
-2.850000e+00 4.750623e-02 4.156471e-18 5.251555e-02 0.000000e+00
-2.840000e+00 4.778406e-02 7.358370e-18 5.276321e-02 0.000000e+00
-2.830000e+00 4.806350e-02 2.732835e-18 5.301233e-02 0.000000e+00
-2.820000e+00 4.834454e-02 1.315301e-17 5.326292e-02 0.000000e+00
-2.810000e+00 4.862719e-02 3.094673e-18 5.351500e-02 0.000000e+00
-2.800000e+00 4.891142e-02 4.370794e-18 5.376856e-02 0.000000e+00
-2.790000e+00 4.919725e-02 -4.183661e-18 5.402362e-02 0.000000e+00
-2.780000e+00 4.948466e-02 8.819619e-19 5.428019e-02 0.000000e+00
-2.770000e+00 4.977365e-02 3.594235e-18 5.453827e-02 0.000000e+00
-2.760000e+00 5.006421e-02 1.505789e-18 5.479787e-02 0.000000e+00
-2.750000e+00 5.035635e-02 7.815390e-18 5.505901e-02 0.000000e+00
-2.740000e+00 5.065005e-02 1.527078e-17 5.532168e-02 0.000000e+00
-2.730000e+00 5.094532e-02 1.130200e-17 5.558590e-02 0.000000e+00
-2.720000e+00 5.124214e-02 9.055044e-19 5.585168e-02 0.000000e+00
-2.710000e+00 5.154053e-02 -1.192770e-17 5.611902e-02 0.000000e+00
-2.700000e+00 5.184047e-02 7.903744e-18 5.638793e-02 0.000000e+00
-2.690000e+00 5.214196e-02 1.040756e-17 5.665843e-02 0.000000e+00
-2.680000e+00 5.244500e-02 4.256024e-19 5.693051e-02 0.000000e+00
-2.670000e+00 5.274959e-02 4.769708e-18 5.720420e-02 0.000000e+00
-2.660000e+00 5.305573e-02 2.460132e-18 5.747948e-02 0.000000e+00
-2.650000e+00 5.336341e-02 3.076760e-18 5.775639e-02 0.000000e+00
-2.640000e+00 5.367264e-02 1.005014e-18 5.803491e-02 0.000000e+00
-2.630000e+00 5.398341e-02 -5.704080e-18 5.831507e-02 0.000000e+00
-2.620000e+00 5.429573e-02 3.977113e-18 5.859686e-02 0.000000e+00
-2.610000e+00 5.460959e-02 9.750039e-18 5.888031e-02 0.000000e+00
-2.600000e+00 5.492499e-02 -6.727196e-18 5.916541e-02 0.000000e+00
-2.590000e+00 5.524194e-02 1.458027e-17 5.945217e-02 0.000000e+00
-2.580000e+00 5.556044e-02 6.928476e-19 5.974060e-02 0.000000e+00
-2.570000e+00 5.588048e-02 7.793934e-18 6.003072e-02 0.000000e+00
-2.560000e+00 5.620207e-02 -2.881823e-18 6.032252e-02 0.000000e+00
-2.550000e+00 5.652521e-02 -1.377098e-18 6.061602e-02 0.000000e+00
-2.540000e+00 5.684991e-02 6.220844e-18 6.091123e-02 0.000000e+00
-2.530000e+00 5.717615e-02 1.607193e-17 6.120814e-02 0.000000e+00
-2.520000e+00 5.750396e-02 6.846405e-18 6.150678e-02 0.000000e+00
-2.510000e+00 5.783332e-02 1.492122e-17 6.180714e-02 0.000000e+00
-2.500000e+00 5.816424e-02 -2.187610e-18 6.210925e-02 0.000000e+00
-2.490000e+00 5.849673e-02 2.075125e-17 6.241309e-02 0.000000e+00
-2.480000e+00 5.883079e-02 3.444007e-18 6.271869e-02 0.000000e+00
-2.470000e+00 5.916642e-02 -8.518638e-18 6.302604e-02 0.000000e+00
-2.460000e+00 5.950363e-02 -1.214800e-18 6.333517e-02 0.000000e+00
-2.450000e+00 5.984241e-02 4.032475e-18 6.364607e-02 0.000000e+00
-2.440000e+00 6.018278e-02 4.271295e-18 6.395875e-02 0.000000e+00
-2.430000e+00 6.052474e-02 5.870164e-18 6.427322e-02 0.000000e+00
-2.420000e+00 6.086829e-02 1.855641e-17 6.458948e-02 0.000000e+00
-2.410000e+00 6.121344e-02 1.418956e-18 6.490755e-02 0.000000e+00
-2.400000e+00 6.156019e-02 1.486371e-17 6.522744e-02 0.000000e+00
-2.390000e+00 6.190854e-02 -3.774344e-18 6.554914e-02 0.000000e+00
-2.380000e+00 6.225851e-02 -2.991763e-18 6.587266e-02 0.000000e+00
-2.370000e+00 6.261009e-02 4.074329e-18 6.619802e-02 0.000000e+00
-2.360000e+00 6.296330e-02 -5.396765e-19 6.652522e-02 0.000000e+00
-2.350000e+00 6.331813e-02 9.940127e-18 6.685427e-02 0.000000e+00
-2.340000e+00 6.367460e-02 1.529784e-17 6.718517e-02 0.000000e+00
-2.330000e+00 6.403270e-02 1.238130e-17 6.751793e-02 0.000000e+00
-2.320000e+00 6.439245e-02 3.950919e-18 6.785255e-02 0.000000e+00
-2.310000e+00 6.475385e-02 -4.904855e-18 6.818905e-02 0.000000e+00
-2.300000e+00 6.511690e-02 8.543637e-18 6.852742e-02 0.000000e+00
-2.290000e+00 6.548161e-02 1.274070e-17 6.886769e-02 0.000000e+00
-2.280000e+00 6.584799e-02 2.507807e-19 6.920984e-02 0.000000e+00
-2.270000e+00 6.621605e-02 5.547852e-18 6.955389e-02 0.000000e+00
-2.260000e+00 6.658577e-02 6.037245e-18 6.989984e-02 0.000000e+00
-2.250000e+00 6.695719e-02 4.053018e-18 7.024770e-02 0.000000e+00
-2.240000e+00 6.733029e-02 3.011460e-18 7.059747e-02 0.000000e+00
-2.230000e+00 6.770508e-02 -7.471717e-19 7.094917e-02 0.000000e+00
-2.220000e+00 6.808158e-02 -1.356730e-19 7.130278e-02 0.000000e+00
-2.210000e+00 6.845978e-02 1.813614e-17 7.165833e-02 0.000000e+00
-2.200000e+00 6.883969e-02 1.006495e-17 7.201581e-02 0.000000e+00
-2.190000e+00 6.922132e-02 1.466426e-17 7.237523e-02 0.000000e+00
-2.180000e+00 6.960467e-02 1.017011e-17 7.273659e-02 0.000000e+00
-2.170000e+00 6.998975e-02 1.666279e-17 7.309991e-02 0.000000e+00
-2.160000e+00 7.037656e-02 4.248884e-18 7.346517e-02 0.000000e+00
-2.150000e+00 7.076511e-02 2.024949e-18 7.383239e-02 0.000000e+00
-2.140000e+00 7.115540e-02 5.027361e-18 7.420157e-02 0.000000e+00
-2.130000e+00 7.154743e-02 1.907653e-17 7.457271e-02 0.000000e+00
-2.120000e+00 7.194122e-02 6.935816e-18 7.494582e-02 0.000000e+00
-2.110000e+00 7.233677e-02 1.763947e-17 7.532090e-02 0.000000e+00
-2.100000e+00 7.273407e-02 5.881343e-18 7.569795e-02 0.000000e+00
-2.090000e+00 7.313314e-02 2.153788e-17 7.607698e-02 0.000000e+00
-2.080000e+00 7.353398e-02 7.762978e-18 7.645799e-02 0.000000e+00
-2.070000e+00 7.393658e-02 -7.012167e-18 7.684097e-02 0.000000e+00
-2.060000e+00 7.434097e-02 8.114751e-18 7.722594e-02 0.000000e+00
-2.050000e+00 7.474713e-02 1.163999e-17 7.761290e-02 0.000000e+00
-2.040000e+00 7.515508e-02 -3.042949e-18 7.800183e-02 0.000000e+00
-2.030000e+00 7.556481e-02 1.311219e-17 7.839276e-02 0.000000e+00
-2.020000e+00 7.597633e-02 1.511112e-17 7.878568e-02 0.000000e+00
-2.010000e+00 7.638964e-02 2.566751e-18 7.918058e-02 0.000000e+00
-2.000000e+00 7.680474e-02 1.992325e-17 7.957747e-02 0.000000e+00
-1.990000e+00 7.722163e-02 -3.484194e-18 7.997635e-02 0.000000e+00
-1.980000e+00 7.764032e-02 4.078465e-18 8.037722e-02 0.000000e+00
-1.970000e+00 7.806081e-02 1.899758e-17 8.078009e-02 0.000000e+00
-1.960000e+00 7.848310e-02 -4.156523e-19 8.118493e-02 0.000000e+00
-1.950000e+00 7.890718e-02 2.018583e-17 8.159177e-02 0.000000e+00
-1.940000e+00 7.933307e-02 1.856227e-17 8.200059e-02 0.000000e+00
-1.930000e+00 7.976075e-02 1.509477e-17 8.241139e-02 0.000000e+00
-1.920000e+00 8.019023e-02 6.445975e-19 8.282418e-02 0.000000e+00
-1.910000e+00 8.062152e-02 -7.655390e-18 8.323894e-02 0.000000e+00
-1.900000e+00 8.105460e-02 3.524008e-18 8.365569e-02 0.000000e+00
-1.890000e+00 8.148947e-02 1.522075e-17 8.407440e-02 0.000000e+00
-1.880000e+00 8.192614e-02 -8.434892e-19 8.449509e-02 0.000000e+00
-1.870000e+00 8.236461e-02 8.704048e-18 8.491774e-02 0.000000e+00
-1.860000e+00 8.280486e-02 2.939448e-18 8.534235e-02 0.000000e+00
-1.850000e+00 8.324690e-02 3.371351e-18 8.576892e-02 0.000000e+00
-1.840000e+00 8.369072e-02 5.580874e-18 8.619743e-02 0.000000e+00
-1.830000e+00 8.413633e-02 -1.340952e-18 8.662790e-02 0.000000e+00
-1.820000e+00 8.458371e-02 -3.184715e-18 8.706030e-02 0.000000e+00
-1.810000e+00 8.503286e-02 1.846299e-17 8.749464e-02 0.000000e+00
-1.800000e+00 8.548378e-02 6.971339e-18 8.793091e-02 0.000000e+00
-1.790000e+00 8.593645e-02 1.072502e-17 8.836909e-02 0.000000e+00
-1.780000e+00 8.639089e-02 8.031964e-18 8.880919e-02 0.000000e+00
-1.770000e+00 8.684707e-02 1.495029e-17 8.925118e-02 0.000000e+00
-1.760000e+00 8.730499e-02 6.105300e-18 8.969508e-02 0.000000e+00
-1.750000e+00 8.776465e-02 -3.245222e-18 9.014085e-02 0.000000e+00
-1.740000e+00 8.822603e-02 7.605095e-18 9.058850e-02 0.000000e+00
-1.730000e+00 8.868913e-02 2.121609e-17 9.103802e-02 0.000000e+00
-1.720000e+00 8.915394e-02 3.936207e-18 9.148939e-02 0.000000e+00
-1.710000e+00 8.962044e-02 1.307191e-17 9.194260e-02 0.000000e+00
-1.700000e+00 9.008864e-02 5.283122e-18 9.239764e-02 0.000000e+00
-1.690000e+00 9.055851e-02 1.500320e-17 9.285451e-02 0.000000e+00
-1.680000e+00 9.103005e-02 -2.400475e-19 9.331317e-02 0.000000e+00
-1.670000e+00 9.150324e-02 -1.200899e-17 9.377363e-02 0.000000e+00
-1.660000e+00 9.197807e-02 5.874098e-18 9.423586e-02 0.000000e+00
-1.650000e+00 9.245454e-02 1.485221e-17 9.469985e-02 0.000000e+00
-1.640000e+00 9.293261e-02 1.610532e-18 9.516560e-02 0.000000e+00
-1.630000e+00 9.341229e-02 4.684162e-18 9.563307e-02 0.000000e+00
-1.620000e+00 9.389355e-02 1.689785e-17 9.610225e-02 0.000000e+00
-1.610000e+00 9.437638e-02 -1.530972e-18 9.657314e-02 0.000000e+00
-1.600000e+00 9.486077e-02 1.838317e-17 9.704570e-02 0.000000e+00
-1.590000e+00 9.534669e-02 -1.320691e-17 9.751992e-02 0.000000e+00
-1.580000e+00 9.583413e-02 6.252087e-19 9.799578e-02 0.000000e+00
-1.570000e+00 9.632306e-02 1.649855e-17 9.847326e-02 0.000000e+00
-1.560000e+00 9.681348e-02 -1.173204e-18 9.895234e-02 0.000000e+00
-1.550000e+00 9.730536e-02 1.350986e-17 9.943300e-02 0.000000e+00
-1.540000e+00 9.779868e-02 1.068494e-17 9.991521e-02 0.000000e+00
-1.530000e+00 9.829342e-02 1.266045e-17 1.003990e-01 0.000000e+00
-1.520000e+00 9.878955e-02 2.417240e-18 1.008842e-01 0.000000e+00
-1.510000e+00 9.928706e-02 -9.206214e-18 1.013710e-01 0.000000e+00
-1.500000e+00 9.978591e-02 5.318840e-18 1.018592e-01 0.000000e+00
-1.490000e+00 1.002861e-01 1.221836e-17 1.023488e-01 0.000000e+00
-1.480000e+00 1.007876e-01 -5.174987e-18 1.028398e-01 0.000000e+00
-1.470000e+00 1.012903e-01 1.172937e-17 1.033323e-01 0.000000e+00
-1.460000e+00 1.017943e-01 2.437708e-18 1.038260e-01 0.000000e+00
-1.450000e+00 1.022996e-01 -2.247387e-18 1.043211e-01 0.000000e+00
-1.440000e+00 1.028060e-01 2.247447e-18 1.048175e-01 0.000000e+00
-1.430000e+00 1.033135e-01 -4.458829e-18 1.053152e-01 0.000000e+00
-1.420000e+00 1.038222e-01 3.166830e-18 1.058141e-01 0.000000e+00
-1.410000e+00 1.043320e-01 1.718882e-17 1.063142e-01 0.000000e+00
-1.400000e+00 1.048429e-01 -3.912455e-18 1.068154e-01 0.000000e+00
-1.390000e+00 1.053548e-01 6.986371e-18 1.073178e-01 0.000000e+00
-1.380000e+00 1.058677e-01 -5.672881e-19 1.078212e-01 0.000000e+00
-1.370000e+00 1.063816e-01 6.350961e-18 1.083258e-01 0.000000e+00
-1.360000e+00 1.068964e-01 -3.482768e-18 1.088313e-01 0.000000e+00
-1.350000e+00 1.074121e-01 -1.414174e-17 1.093379e-01 0.000000e+00
-1.340000e+00 1.079287e-01 6.301562e-18 1.098454e-01 0.000000e+00
-1.330000e+00 1.084460e-01 1.241483e-17 1.103538e-01 0.000000e+00
-1.320000e+00 1.089642e-01 -3.209623e-18 1.108630e-01 0.000000e+00
-1.310000e+00 1.094831e-01 9.276894e-18 1.113731e-01 0.000000e+00
-1.300000e+00 1.100027e-01 -7.756262e-18 1.118840e-01 0.000000e+00
-1.290000e+00 1.105229e-01 1.418182e-17 1.123956e-01 0.000000e+00
-1.280000e+00 1.110438e-01 1.354276e-18 1.129079e-01 0.000000e+00
-1.270000e+00 1.115652e-01 -2.464692e-17 1.134208e-01 0.000000e+00
-1.260000e+00 1.120872e-01 -2.837920e-18 1.139344e-01 0.000000e+00
-1.250000e+00 1.126096e-01 7.698525e-18 1.144485e-01 0.000000e+00
-1.240000e+00 1.131324e-01 -1.000866e-17 1.149631e-01 0.000000e+00
-1.230000e+00 1.136557e-01 2.610204e-18 1.154782e-01 0.000000e+00
-1.220000e+00 1.141792e-01 9.970555e-18 1.159937e-01 0.000000e+00
-1.210000e+00 1.147031e-01 3.697279e-18 1.165095e-01 0.000000e+00
-1.200000e+00 1.152272e-01 1.978422e-18 1.170257e-01 0.000000e+00
-1.190000e+00 1.157514e-01 -1.398446e-17 1.175421e-01 0.000000e+00
-1.180000e+00 1.162758e-01 -4.445188e-19 1.180587e-01 0.000000e+00
-1.170000e+00 1.168003e-01 1.266082e-17 1.185755e-01 0.000000e+00
-1.160000e+00 1.173248e-01 -3.552033e-19 1.190923e-01 0.000000e+00
-1.150000e+00 1.178492e-01 4.604308e-18 1.196092e-01 0.000000e+00
-1.140000e+00 1.183735e-01 8.205780e-18 1.201260e-01 0.000000e+00
-1.130000e+00 1.188977e-01 8.624780e-18 1.206428e-01 0.000000e+00
-1.120000e+00 1.194217e-01 -1.317943e-18 1.211594e-01 0.000000e+00
-1.110000e+00 1.199454e-01 -1.046679e-17 1.216758e-01 0.000000e+00
-1.100000e+00 1.204688e-01 1.683111e-18 1.221919e-01 0.000000e+00
-1.090000e+00 1.209917e-01 1.182253e-17 1.227077e-01 0.000000e+00
-1.080000e+00 1.215142e-01 -4.317446e-18 1.232231e-01 0.000000e+00
-1.070000e+00 1.220362e-01 3.745135e-18 1.237380e-01 0.000000e+00
-1.060000e+00 1.225576e-01 -9.486429e-19 1.242524e-01 0.000000e+00
-1.050000e+00 1.230783e-01 -3.978462e-18 1.247662e-01 0.000000e+00
-1.040000e+00 1.235983e-01 -3.767071e-18 1.252794e-01 0.000000e+00
-1.030000e+00 1.241175e-01 -1.227165e-17 1.257918e-01 0.000000e+00
-1.020000e+00 1.246359e-01 -4.901247e-18 1.263034e-01 0.000000e+00
-1.010000e+00 1.251533e-01 1.127904e-17 1.268142e-01 0.000000e+00
-1.000000e+00 1.256697e-01 3.685204e-18 1.273240e-01 0.000000e+00
-9.900000e-01 1.261850e-01 9.308220e-18 1.278327e-01 0.000000e+00
-9.800000e-01 1.266992e-01 5.490216e-18 1.283404e-01 0.000000e+00
-9.700000e-01 1.272122e-01 8.882354e-18 1.288469e-01 0.000000e+00
-9.600000e-01 1.277239e-01 3.667853e-18 1.293522e-01 0.000000e+00
-9.500000e-01 1.282342e-01 -1.093217e-17 1.298561e-01 0.000000e+00
-9.400000e-01 1.287430e-01 7.752366e-18 1.303587e-01 0.000000e+00
-9.300000e-01 1.292503e-01 2.086706e-17 1.308598e-01 0.000000e+00
-9.200000e-01 1.297560e-01 -3.082075e-18 1.313593e-01 0.000000e+00
-9.100000e-01 1.302600e-01 6.788942e-18 1.318572e-01 0.000000e+00
-9.000000e-01 1.307623e-01 3.496584e-18 1.323534e-01 0.000000e+00
-8.900000e-01 1.312627e-01 9.082099e-18 1.328478e-01 0.000000e+00
-8.800000e-01 1.317612e-01 3.304430e-18 1.333403e-01 0.000000e+00
-8.700000e-01 1.322576e-01 -1.846855e-17 1.338308e-01 0.000000e+00
-8.600000e-01 1.327520e-01 -6.584043e-19 1.343193e-01 0.000000e+00
-8.500000e-01 1.332442e-01 1.230291e-17 1.348057e-01 0.000000e+00
-8.400000e-01 1.337341e-01 -1.420145e-18 1.352898e-01 0.000000e+00
-8.300000e-01 1.342217e-01 -1.990627e-18 1.357717e-01 0.000000e+00
-8.200000e-01 1.347069e-01 3.793274e-18 1.362511e-01 0.000000e+00
-8.100000e-01 1.351895e-01 5.718642e-18 1.367281e-01 0.000000e+00
-8.000000e-01 1.356695e-01 3.960306e-18 1.372025e-01 0.000000e+00
-7.900000e-01 1.361469e-01 -1.313447e-17 1.376743e-01 0.000000e+00
-7.800000e-01 1.366214e-01 1.366832e-18 1.381433e-01 0.000000e+00
-7.700000e-01 1.370931e-01 1.537988e-17 1.386095e-01 0.000000e+00
-7.600000e-01 1.375618e-01 1.750904e-18 1.390728e-01 0.000000e+00
-7.500000e-01 1.380274e-01 7.239530e-18 1.395331e-01 0.000000e+00
-7.400000e-01 1.384899e-01 9.744513e-18 1.399903e-01 0.000000e+00
-7.300000e-01 1.389492e-01 9.220672e-18 1.404443e-01 0.000000e+00
-7.200000e-01 1.394052e-01 7.856270e-19 1.408950e-01 0.000000e+00
-7.100000e-01 1.398577e-01 -1.253400e-17 1.413423e-01 0.000000e+00
-7.000000e-01 1.403067e-01 3.443564e-18 1.417861e-01 0.000000e+00
-6.900000e-01 1.407522e-01 1.111022e-17 1.422264e-01 0.000000e+00
-6.800000e-01 1.411939e-01 -4.862472e-18 1.426631e-01 0.000000e+00
-6.700000e-01 1.416319e-01 3.874351e-18 1.430960e-01 0.000000e+00
-6.600000e-01 1.420660e-01 -1.053835e-18 1.435251e-01 0.000000e+00
-6.500000e-01 1.424961e-01 -2.376687e-18 1.439502e-01 0.000000e+00
-6.400000e-01 1.429221e-01 -7.557272e-18 1.443713e-01 0.000000e+00
-6.300000e-01 1.433440e-01 -1.259017e-17 1.447883e-01 0.000000e+00
-6.200000e-01 1.437617e-01 3.926257e-18 1.452011e-01 0.000000e+00
-6.100000e-01 1.441750e-01 1.202718e-17 1.456096e-01 0.000000e+00
-6.000000e-01 1.445839e-01 3.872805e-19 1.460137e-01 0.000000e+00
-5.900000e-01 1.449883e-01 8.420870e-18 1.464133e-01 0.000000e+00
-5.800000e-01 1.453881e-01 5.514154e-18 1.468084e-01 0.000000e+00
-5.700000e-01 1.457831e-01 4.306846e-18 1.471987e-01 0.000000e+00
-5.600000e-01 1.461734e-01 -2.108430e-18 1.475843e-01 0.000000e+00
-5.500000e-01 1.465588e-01 -1.632731e-17 1.479651e-01 0.000000e+00
-5.400000e-01 1.469392e-01 1.100338e-17 1.483409e-01 0.000000e+00
-5.300000e-01 1.473145e-01 2.364451e-17 1.487117e-01 0.000000e+00
-5.200000e-01 1.476847e-01 1.644008e-18 1.490773e-01 0.000000e+00
-5.100000e-01 1.480496e-01 1.000960e-17 1.494378e-01 0.000000e+00
-5.000000e-01 1.484092e-01 3.462643e-18 1.497929e-01 0.000000e+00
-4.900000e-01 1.487633e-01 4.650091e-18 1.501426e-01 0.000000e+00
-4.800000e-01 1.491120e-01 -4.207568e-19 1.504869e-01 0.000000e+00
-4.700000e-01 1.494551e-01 -1.100140e-17 1.508256e-01 0.000000e+00
-4.600000e-01 1.497925e-01 2.983512e-18 1.511587e-01 0.000000e+00
-4.500000e-01 1.501241e-01 2.089970e-17 1.514860e-01 0.000000e+00
-4.400000e-01 1.504499e-01 3.143298e-18 1.518075e-01 0.000000e+00
-4.300000e-01 1.507697e-01 -5.394620e-18 1.521231e-01 0.000000e+00
-4.200000e-01 1.510835e-01 1.009965e-17 1.524327e-01 0.000000e+00
-4.100000e-01 1.513912e-01 9.318683e-19 1.527362e-01 0.000000e+00
-4.000000e-01 1.516928e-01 1.067733e-17 1.530336e-01 0.000000e+00
-3.900000e-01 1.519881e-01 -1.119810e-17 1.533248e-01 0.000000e+00
-3.800000e-01 1.522771e-01 2.721708e-18 1.536096e-01 0.000000e+00
-3.700000e-01 1.525596e-01 1.556567e-17 1.538881e-01 0.000000e+00
-3.600000e-01 1.528357e-01 -2.220354e-18 1.541602e-01 0.000000e+00
-3.500000e-01 1.531052e-01 3.118216e-18 1.544257e-01 0.000000e+00
-3.400000e-01 1.533681e-01 9.783811e-18 1.546846e-01 0.000000e+00
-3.300000e-01 1.536243e-01 5.300591e-18 1.549368e-01 0.000000e+00
-3.200000e-01 1.538738e-01 3.749599e-18 1.551823e-01 0.000000e+00
-3.100000e-01 1.541163e-01 -7.568505e-18 1.554210e-01 0.000000e+00
-3.000000e-01 1.543520e-01 3.963579e-18 1.556528e-01 0.000000e+00
-2.900000e-01 1.545808e-01 9.245892e-18 1.558776e-01 0.000000e+00
-2.800000e-01 1.548025e-01 -3.104669e-18 1.560955e-01 0.000000e+00
-2.700000e-01 1.550171e-01 9.721834e-19 1.563063e-01 0.000000e+00
-2.600000e-01 1.552245e-01 -9.466198e-19 1.565099e-01 0.000000e+00
-2.500000e-01 1.554248e-01 -1.520782e-18 1.567064e-01 0.000000e+00
-2.400000e-01 1.556177e-01 2.034888e-18 1.568956e-01 0.000000e+00
-2.300000e-01 1.558034e-01 -7.773159e-18 1.570776e-01 0.000000e+00
-2.200000e-01 1.559817e-01 5.594720e-18 1.572522e-01 0.000000e+00
-2.100000e-01 1.561526e-01 1.688370e-17 1.574194e-01 0.000000e+00
-2.000000e-01 1.563160e-01 -5.108719e-18 1.575792e-01 0.000000e+00
-1.900000e-01 1.564719e-01 -4.036236e-18 1.577314e-01 0.000000e+00
-1.800000e-01 1.566202e-01 -3.118908e-18 1.578761e-01 0.000000e+00
-1.700000e-01 1.567609e-01 -2.476512e-19 1.580133e-01 0.000000e+00
-1.600000e-01 1.568940e-01 -4.229611e-18 1.581428e-01 0.000000e+00
-1.500000e-01 1.570194e-01 -2.140105e-17 1.582647e-01 0.000000e+00
-1.400000e-01 1.571371e-01 2.824595e-18 1.583789e-01 0.000000e+00
-1.300000e-01 1.572471e-01 1.178866e-17 1.584853e-01 0.000000e+00
-1.200000e-01 1.573492e-01 2.893974e-18 1.585840e-01 0.000000e+00
-1.100000e-01 1.574436e-01 6.999818e-18 1.586750e-01 0.000000e+00
-1.000000e-01 1.575301e-01 2.687655e-18 1.587580e-01 0.000000e+00
-9.000000e-02 1.576088e-01 -2.001778e-19 1.588333e-01 0.000000e+00
-8.000000e-02 1.576796e-01 4.867004e-18 1.589007e-01 0.000000e+00
-7.000000e-02 1.577424e-01 -2.240916e-17 1.589602e-01 0.000000e+00
-6.000000e-02 1.577974e-01 -2.689713e-18 1.590118e-01 0.000000e+00
-5.000000e-02 1.578444e-01 8.987925e-18 1.590555e-01 0.000000e+00
-4.000000e-02 1.578835e-01 -7.156277e-18 1.590913e-01 0.000000e+00
-3.000000e-02 1.579146e-01 -5.231603e-18 1.591191e-01 0.000000e+00
-2.000000e-02 1.579378e-01 9.552966e-19 1.591390e-01 0.000000e+00
-1.000000e-02 1.579530e-01 -1.576157e-18 1.591510e-01 0.000000e+00
0.000000e+00 1.579537e-01 -2.950178e-18 1.591549e-01 0.000000e+00
1.000000e-02 1.579464e-01 -1.311800e-17 1.591510e-01 0.000000e+00
2.000000e-02 1.579312e-01 -3.008649e-18 1.591390e-01 0.000000e+00
3.000000e-02 1.579080e-01 1.364626e-17 1.591191e-01 0.000000e+00
4.000000e-02 1.578768e-01 -3.694512e-18 1.590913e-01 0.000000e+00
5.000000e-02 1.578377e-01 -4.230063e-18 1.590555e-01 0.000000e+00
6.000000e-02 1.577906e-01 7.476725e-19 1.590118e-01 0.000000e+00
7.000000e-02 1.577356e-01 3.631659e-18 1.589602e-01 0.000000e+00
8.000000e-02 1.576727e-01 -3.170747e-18 1.589007e-01 0.000000e+00
9.000000e-02 1.576019e-01 -9.074320e-18 1.588333e-01 0.000000e+00
1.000000e-01 1.575232e-01 -1.640255e-18 1.587580e-01 0.000000e+00
1.100000e-01 1.574366e-01 1.269767e-17 1.586750e-01 0.000000e+00
1.200000e-01 1.573422e-01 -4.647861e-19 1.585840e-01 0.000000e+00
1.300000e-01 1.572400e-01 -5.688138e-18 1.584853e-01 0.000000e+00
1.400000e-01 1.571300e-01 -7.745290e-18 1.583789e-01 0.000000e+00
1.500000e-01 1.570122e-01 -3.032243e-18 1.582647e-01 0.000000e+00
1.600000e-01 1.568868e-01 -6.987557e-18 1.581428e-01 0.000000e+00
1.700000e-01 1.567536e-01 -1.367408e-17 1.580133e-01 0.000000e+00
1.800000e-01 1.566128e-01 -2.062317e-18 1.578761e-01 0.000000e+00
1.900000e-01 1.564645e-01 1.026631e-17 1.577314e-01 0.000000e+00
2.000000e-01 1.563085e-01 6.484459e-18 1.575792e-01 0.000000e+00
2.100000e-01 1.561451e-01 5.767409e-19 1.574194e-01 0.000000e+00
2.200000e-01 1.559741e-01 6.824450e-18 1.572522e-01 0.000000e+00
2.300000e-01 1.557958e-01 -8.593474e-18 1.570776e-01 0.000000e+00
2.400000e-01 1.556101e-01 6.460822e-18 1.568956e-01 0.000000e+00
2.500000e-01 1.554170e-01 -1.224693e-17 1.567064e-01 0.000000e+00
2.600000e-01 1.552167e-01 -1.129917e-18 1.565099e-01 0.000000e+00
2.700000e-01 1.550092e-01 1.228921e-17 1.563063e-01 0.000000e+00
2.800000e-01 1.547946e-01 5.717250e-19 1.560955e-01 0.000000e+00
2.900000e-01 1.545728e-01 -2.585513e-18 1.558776e-01 0.000000e+00
3.000000e-01 1.543440e-01 6.495078e-18 1.556528e-01 0.000000e+00
3.100000e-01 1.541083e-01 -1.510766e-18 1.554210e-01 0.000000e+00
3.200000e-01 1.538656e-01 -2.695523e-18 1.551823e-01 0.000000e+00
3.300000e-01 1.536161e-01 -1.011896e-17 1.549368e-01 0.000000e+00
3.400000e-01 1.533599e-01 -1.098534e-18 1.546846e-01 0.000000e+00
3.500000e-01 1.530969e-01 1.546850e-17 1.544257e-01 0.000000e+00
3.600000e-01 1.528273e-01 2.069406e-18 1.541602e-01 0.000000e+00
3.700000e-01 1.525512e-01 -1.017342e-17 1.538881e-01 0.000000e+00
3.800000e-01 1.522686e-01 -6.849565e-18 1.536096e-01 0.000000e+00
3.900000e-01 1.519795e-01 -1.665505e-18 1.533248e-01 0.000000e+00
4.000000e-01 1.516842e-01 2.594776e-18 1.530336e-01 0.000000e+00
4.100000e-01 1.513826e-01 -2.662942e-18 1.527362e-01 0.000000e+00
4.200000e-01 1.510748e-01 5.365885e-18 1.524327e-01 0.000000e+00
4.300000e-01 1.507609e-01 8.603863e-18 1.521231e-01 0.000000e+00
4.400000e-01 1.504410e-01 -7.578493e-19 1.518075e-01 0.000000e+00
4.500000e-01 1.501151e-01 -8.481423e-19 1.514860e-01 0.000000e+00
4.600000e-01 1.497834e-01 -1.512903e-18 1.511587e-01 0.000000e+00
4.700000e-01 1.494460e-01 -6.448882e-18 1.508256e-01 0.000000e+00
4.800000e-01 1.491028e-01 2.052947e-19 1.504869e-01 0.000000e+00
4.900000e-01 1.487541e-01 -6.880429e-18 1.501426e-01 0.000000e+00
5.000000e-01 1.483999e-01 1.625903e-18 1.497929e-01 0.000000e+00
5.100000e-01 1.480402e-01 1.468800e-18 1.494378e-01 0.000000e+00
5.200000e-01 1.476752e-01 -7.071022e-18 1.490773e-01 0.000000e+00
5.300000e-01 1.473050e-01 1.492570e-18 1.487117e-01 0.000000e+00
5.400000e-01 1.469296e-01 -4.663760e-18 1.483409e-01 0.000000e+00
5.500000e-01 1.465491e-01 -1.134463e-17 1.479651e-01 0.000000e+00
5.600000e-01 1.461636e-01 -2.977767e-18 1.475843e-01 0.000000e+00
5.700000e-01 1.457733e-01 -5.898860e-18 1.471987e-01 0.000000e+00
5.800000e-01 1.453782e-01 5.898603e-18 1.468084e-01 0.000000e+00
5.900000e-01 1.449783e-01 5.624919e-18 1.464133e-01 0.000000e+00
6.000000e-01 1.445739e-01 9.137374e-19 1.460137e-01 0.000000e+00
6.100000e-01 1.441649e-01 -1.162794e-17 1.456096e-01 0.000000e+00
6.200000e-01 1.437515e-01 -1.580489e-18 1.452011e-01 0.000000e+00
6.300000e-01 1.433337e-01 -1.148931e-17 1.447883e-01 0.000000e+00
6.400000e-01 1.429118e-01 3.865436e-18 1.443713e-01 0.000000e+00
6.500000e-01 1.424856e-01 -1.250877e-17 1.439502e-01 0.000000e+00
6.600000e-01 1.420554e-01 -9.289089e-18 1.435251e-01 0.000000e+00
6.700000e-01 1.416212e-01 -1.188868e-18 1.430960e-01 0.000000e+00
6.800000e-01 1.411832e-01 2.198001e-18 1.426631e-01 0.000000e+00
6.900000e-01 1.407414e-01 -6.188908e-18 1.422264e-01 0.000000e+00
7.000000e-01 1.402958e-01 5.341994e-18 1.417861e-01 0.000000e+00
7.100000e-01 1.398467e-01 -7.259523e-18 1.413423e-01 0.000000e+00
7.200000e-01 1.393941e-01 2.931105e-18 1.408950e-01 0.000000e+00
7.300000e-01 1.389380e-01 -1.652673e-17 1.404443e-01 0.000000e+00
7.400000e-01 1.384787e-01 -5.663991e-18 1.399903e-01 0.000000e+00
7.500000e-01 1.380161e-01 8.166839e-21 1.395331e-01 0.000000e+00
7.600000e-01 1.375503e-01 -7.030978e-18 1.390728e-01 0.000000e+00
7.700000e-01 1.370815e-01 -6.537571e-18 1.386095e-01 0.000000e+00
7.800000e-01 1.366098e-01 -1.421634e-17 1.381433e-01 0.000000e+00
7.900000e-01 1.361351e-01 -2.483041e-18 1.376743e-01 0.000000e+00
8.000000e-01 1.356577e-01 -7.230064e-18 1.372025e-01 0.000000e+00
8.100000e-01 1.351776e-01 -2.407495e-18 1.367281e-01 0.000000e+00
8.200000e-01 1.346949e-01 2.390827e-18 1.362511e-01 0.000000e+00
8.300000e-01 1.342096e-01 8.767229e-18 1.357717e-01 0.000000e+00
8.400000e-01 1.337219e-01 1.892151e-18 1.352898e-01 0.000000e+00
8.500000e-01 1.332319e-01 -6.655958e-18 1.348057e-01 0.000000e+00
8.600000e-01 1.327396e-01 -6.457677e-18 1.343193e-01 0.000000e+00
8.700000e-01 1.322451e-01 -5.325215e-18 1.338308e-01 0.000000e+00
8.800000e-01 1.317485e-01 -2.580855e-18 1.333403e-01 0.000000e+00
8.900000e-01 1.312499e-01 -2.077822e-18 1.328478e-01 0.000000e+00
9.000000e-01 1.307494e-01 -5.376324e-18 1.323534e-01 0.000000e+00
9.100000e-01 1.302471e-01 6.422842e-18 1.318572e-01 0.000000e+00
9.200000e-01 1.297429e-01 3.838453e-18 1.313593e-01 0.000000e+00
9.300000e-01 1.292371e-01 8.377386e-19 1.308598e-01 0.000000e+00
9.400000e-01 1.287297e-01 -4.502358e-18 1.303587e-01 0.000000e+00
9.500000e-01 1.282207e-01 -6.139472e-18 1.298561e-01 0.000000e+00
9.600000e-01 1.277103e-01 -8.264656e-18 1.293522e-01 0.000000e+00
9.700000e-01 1.271985e-01 -7.006336e-18 1.288469e-01 0.000000e+00
9.800000e-01 1.266855e-01 1.472509e-18 1.283404e-01 0.000000e+00
9.900000e-01 1.261711e-01 1.419499e-18 1.278327e-01 0.000000e+00
1.000000e+00 1.256557e-01 -2.043196e-18 1.273240e-01 0.000000e+00
1.010000e+00 1.251392e-01 -1.117662e-17 1.268142e-01 0.000000e+00
1.020000e+00 1.246216e-01 -1.109064e-18 1.263034e-01 0.000000e+00
1.030000e+00 1.241031e-01 -1.325230e-17 1.257918e-01 0.000000e+00
1.040000e+00 1.235838e-01 -2.060546e-18 1.252794e-01 0.000000e+00
1.050000e+00 1.230637e-01 -1.015323e-17 1.247662e-01 0.000000e+00
1.060000e+00 1.225428e-01 -7.004073e-18 1.242524e-01 0.000000e+00
1.070000e+00 1.220213e-01 -2.046535e-18 1.237380e-01 0.000000e+00
1.080000e+00 1.214992e-01 7.595785e-18 1.232231e-01 0.000000e+00
1.090000e+00 1.209765e-01 -3.018037e-18 1.227077e-01 0.000000e+00
1.100000e+00 1.204534e-01 2.717644e-18 1.221919e-01 0.000000e+00
1.110000e+00 1.199299e-01 -8.882040e-18 1.216758e-01 0.000000e+00
1.120000e+00 1.194061e-01 4.789519e-21 1.211594e-01 0.000000e+00
1.130000e+00 1.188820e-01 -2.154227e-18 1.206428e-01 0.000000e+00
1.140000e+00 1.183577e-01 1.205350e-19 1.201260e-01 0.000000e+00
1.150000e+00 1.178332e-01 4.145750e-18 1.196092e-01 0.000000e+00
1.160000e+00 1.173086e-01 -2.199084e-18 1.190923e-01 0.000000e+00
1.170000e+00 1.167840e-01 -6.940087e-18 1.185755e-01 0.000000e+00
1.180000e+00 1.162594e-01 -5.142824e-18 1.180587e-01 0.000000e+00
1.190000e+00 1.157348e-01 -4.959218e-18 1.175421e-01 0.000000e+00
1.200000e+00 1.152104e-01 -1.768094e-18 1.170257e-01 0.000000e+00
1.210000e+00 1.146862e-01 4.050733e-18 1.165095e-01 0.000000e+00
1.220000e+00 1.141622e-01 1.366832e-18 1.159937e-01 0.000000e+00
1.230000e+00 1.136384e-01 3.923078e-18 1.154782e-01 0.000000e+00
1.240000e+00 1.131150e-01 -1.548736e-18 1.149631e-01 0.000000e+00
1.250000e+00 1.125920e-01 -7.516910e-18 1.144485e-01 0.000000e+00
1.260000e+00 1.120694e-01 -6.569805e-18 1.139344e-01 0.000000e+00
1.270000e+00 1.115473e-01 -6.314707e-18 1.134208e-01 0.000000e+00
1.280000e+00 1.110257e-01 -8.641931e-19 1.129079e-01 0.000000e+00
1.290000e+00 1.105047e-01 6.209078e-18 1.123956e-01 0.000000e+00
1.300000e+00 1.099843e-01 -4.713595e-18 1.118840e-01 0.000000e+00
1.310000e+00 1.094645e-01 5.242996e-19 1.113731e-01 0.000000e+00
1.320000e+00 1.089454e-01 2.515748e-18 1.108630e-01 0.000000e+00
1.330000e+00 1.084271e-01 -1.854049e-18 1.103538e-01 0.000000e+00
1.340000e+00 1.079095e-01 -2.703655e-18 1.098454e-01 0.000000e+00
1.350000e+00 1.073928e-01 -4.026507e-18 1.093379e-01 0.000000e+00
1.360000e+00 1.068769e-01 1.470767e-18 1.088313e-01 0.000000e+00
1.370000e+00 1.063619e-01 -3.544292e-19 1.083258e-01 0.000000e+00
1.380000e+00 1.058479e-01 3.147318e-18 1.078212e-01 0.000000e+00
1.390000e+00 1.053348e-01 3.091084e-18 1.073178e-01 0.000000e+00
1.400000e+00 1.048227e-01 6.704309e-18 1.068154e-01 0.000000e+00
1.410000e+00 1.043116e-01 -6.730222e-18 1.063142e-01 0.000000e+00
1.420000e+00 1.038016e-01 5.991997e-18 1.058141e-01 0.000000e+00
1.430000e+00 1.032927e-01 -7.189418e-18 1.053152e-01 0.000000e+00
1.440000e+00 1.027849e-01 5.017399e-18 1.048175e-01 0.000000e+00
1.450000e+00 1.022783e-01 2.717416e-18 1.043211e-01 0.000000e+00
1.460000e+00 1.017728e-01 -5.273274e-18 1.038260e-01 0.000000e+00
1.470000e+00 1.012686e-01 1.908458e-18 1.033323e-01 0.000000e+00
1.480000e+00 1.007657e-01 7.785623e-18 1.028398e-01 0.000000e+00
1.490000e+00 1.002640e-01 -5.145460e-18 1.023488e-01 0.000000e+00
1.500000e+00 9.976357e-02 1.321145e-17 1.018592e-01 0.000000e+00
1.510000e+00 9.926449e-02 -1.160166e-17 1.013710e-01 0.000000e+00
1.520000e+00 9.876676e-02 1.855137e-18 1.008842e-01 0.000000e+00
1.530000e+00 9.827039e-02 1.337488e-17 1.003990e-01 0.000000e+00
1.540000e+00 9.777543e-02 5.406666e-18 9.991521e-02 0.000000e+00
1.550000e+00 9.728187e-02 2.938761e-18 9.943300e-02 0.000000e+00
1.560000e+00 9.678976e-02 8.994320e-18 9.895234e-02 0.000000e+00
1.570000e+00 9.629910e-02 -7.687320e-18 9.847326e-02 0.000000e+00
1.580000e+00 9.580992e-02 -1.051130e-17 9.799578e-02 0.000000e+00
1.590000e+00 9.532224e-02 -1.245235e-18 9.751992e-02 0.000000e+00
1.600000e+00 9.483607e-02 1.418780e-19 9.704570e-02 0.000000e+00
1.610000e+00 9.435144e-02 1.169522e-17 9.657314e-02 0.000000e+00
1.620000e+00 9.386835e-02 5.087916e-18 9.610225e-02 0.000000e+00
1.630000e+00 9.338683e-02 3.761326e-18 9.563307e-02 0.000000e+00
1.640000e+00 9.290689e-02 2.172014e-18 9.516560e-02 0.000000e+00
1.650000e+00 9.242855e-02 -3.140338e-18 9.469985e-02 0.000000e+00
1.660000e+00 9.195183e-02 -4.175448e-18 9.423586e-02 0.000000e+00
1.670000e+00 9.147672e-02 -4.365205e-18 9.377363e-02 0.000000e+00
1.680000e+00 9.100326e-02 -3.583496e-19 9.331317e-02 0.000000e+00
1.690000e+00 9.053144e-02 7.523763e-18 9.285451e-02 0.000000e+00
1.700000e+00 9.006129e-02 -3.301112e-18 9.239764e-02 0.000000e+00
1.710000e+00 8.959282e-02 -3.476877e-18 9.194260e-02 0.000000e+00
1.720000e+00 8.912602e-02 2.479045e-18 9.148939e-02 0.000000e+00
1.730000e+00 8.866093e-02 -1.288343e-18 9.103802e-02 0.000000e+00
1.740000e+00 8.819753e-02 4.498121e-18 9.058850e-02 0.000000e+00
1.750000e+00 8.773585e-02 8.837509e-19 9.014085e-02 0.000000e+00
1.760000e+00 8.727590e-02 2.927351e-18 8.969508e-02 0.000000e+00
1.770000e+00 8.681767e-02 3.678693e-18 8.925118e-02 0.000000e+00
1.780000e+00 8.636118e-02 7.766618e-18 8.880919e-02 0.000000e+00
1.790000e+00 8.590644e-02 -2.089926e-18 8.836909e-02 0.000000e+00
1.800000e+00 8.545345e-02 -3.135974e-18 8.793091e-02 0.000000e+00
1.810000e+00 8.500221e-02 -8.049674e-18 8.749464e-02 0.000000e+00
1.820000e+00 8.455274e-02 -2.061559e-18 8.706030e-02 0.000000e+00
1.830000e+00 8.410503e-02 -1.249346e-17 8.662790e-02 0.000000e+00
1.840000e+00 8.365910e-02 -4.004196e-18 8.619743e-02 0.000000e+00
1.850000e+00 8.321494e-02 2.142069e-18 8.576892e-02 0.000000e+00
1.860000e+00 8.277257e-02 -5.919971e-18 8.534235e-02 0.000000e+00
1.870000e+00 8.233197e-02 -1.056792e-17 8.491774e-02 0.000000e+00
1.880000e+00 8.189317e-02 2.195283e-18 8.449509e-02 0.000000e+00
1.890000e+00 8.145615e-02 -8.542523e-18 8.407440e-02 0.000000e+00
1.900000e+00 8.102092e-02 -5.962210e-19 8.365569e-02 0.000000e+00
1.910000e+00 8.058748e-02 -1.134321e-17 8.323894e-02 0.000000e+00
1.920000e+00 8.015584e-02 4.586536e-18 8.282418e-02 0.000000e+00
1.930000e+00 7.972600e-02 9.712048e-18 8.241139e-02 0.000000e+00
1.940000e+00 7.929794e-02 3.571232e-19 8.200059e-02 0.000000e+00
1.950000e+00 7.887169e-02 -6.791084e-18 8.159177e-02 0.000000e+00
1.960000e+00 7.844723e-02 -6.550661e-20 8.118493e-02 0.000000e+00
1.970000e+00 7.802456e-02 -5.743416e-18 8.078009e-02 0.000000e+00
1.980000e+00 7.760369e-02 -1.379177e-17 8.037722e-02 0.000000e+00
1.990000e+00 7.718461e-02 6.792070e-18 7.997635e-02 0.000000e+00
2.000000e+00 7.676733e-02 -1.186136e-17 7.957747e-02 0.000000e+00
2.010000e+00 7.635183e-02 1.478830e-17 7.918058e-02 0.000000e+00
2.020000e+00 7.593812e-02 2.115763e-18 7.878568e-02 0.000000e+00
2.030000e+00 7.552620e-02 -4.349698e-18 7.839276e-02 0.000000e+00
2.040000e+00 7.511606e-02 7.555208e-18 7.800183e-02 0.000000e+00
2.050000e+00 7.470771e-02 -8.486004e-18 7.761290e-02 0.000000e+00
2.060000e+00 7.430113e-02 -4.677396e-18 7.722594e-02 0.000000e+00
2.070000e+00 7.389632e-02 -7.559479e-18 7.684097e-02 0.000000e+00
2.080000e+00 7.349329e-02 1.301151e-18 7.645799e-02 0.000000e+00
2.090000e+00 7.309203e-02 1.481755e-17 7.607698e-02 0.000000e+00
2.100000e+00 7.269253e-02 -3.166096e-18 7.569795e-02 0.000000e+00
2.110000e+00 7.229479e-02 -3.192745e-18 7.532090e-02 0.000000e+00
2.120000e+00 7.189881e-02 6.414540e-18 7.494582e-02 0.000000e+00
2.130000e+00 7.150458e-02 -4.664996e-18 7.457271e-02 0.000000e+00
2.140000e+00 7.111210e-02 2.451871e-18 7.420157e-02 0.000000e+00
2.150000e+00 7.072136e-02 2.035964e-18 7.383239e-02 0.000000e+00
2.160000e+00 7.033236e-02 -3.332145e-18 7.346517e-02 0.000000e+00
2.170000e+00 6.994509e-02 3.964884e-18 7.309991e-02 0.000000e+00
2.180000e+00 6.955955e-02 4.779021e-18 7.273659e-02 0.000000e+00
2.190000e+00 6.917574e-02 -8.484671e-18 7.237523e-02 0.000000e+00
2.200000e+00 6.879364e-02 -5.596298e-18 7.201581e-02 0.000000e+00
2.210000e+00 6.841326e-02 -1.024742e-17 7.165833e-02 0.000000e+00
2.220000e+00 6.803458e-02 -4.471494e-18 7.130278e-02 0.000000e+00
2.230000e+00 6.765761e-02 -1.194274e-17 7.094917e-02 0.000000e+00
2.240000e+00 6.728233e-02 -1.786016e-18 7.059747e-02 0.000000e+00
2.250000e+00 6.690875e-02 4.732357e-18 7.024770e-02 0.000000e+00
2.260000e+00 6.653685e-02 -2.406871e-18 6.989984e-02 0.000000e+00
2.270000e+00 6.616664e-02 -1.377948e-17 6.955389e-02 0.000000e+00
2.280000e+00 6.579809e-02 -5.765983e-19 6.920984e-02 0.000000e+00
2.290000e+00 6.543122e-02 -1.366554e-17 6.886769e-02 0.000000e+00
2.300000e+00 6.506601e-02 -2.049825e-18 6.852742e-02 0.000000e+00
2.310000e+00 6.470246e-02 -1.710994e-17 6.818905e-02 0.000000e+00
2.320000e+00 6.434056e-02 -2.320249e-18 6.785255e-02 0.000000e+00
2.330000e+00 6.398031e-02 1.284014e-17 6.751793e-02 0.000000e+00
2.340000e+00 6.362170e-02 -5.726908e-19 6.718517e-02 0.000000e+00
2.350000e+00 6.326473e-02 -8.734623e-18 6.685427e-02 0.000000e+00
2.360000e+00 6.290939e-02 6.033969e-18 6.652522e-02 0.000000e+00
2.370000e+00 6.255568e-02 -8.507898e-18 6.619802e-02 0.000000e+00
2.380000e+00 6.220359e-02 -1.174396e-17 6.587266e-02 0.000000e+00
2.390000e+00 6.185311e-02 2.477403e-18 6.554914e-02 0.000000e+00
2.400000e+00 6.150424e-02 -1.589675e-17 6.522744e-02 0.000000e+00
2.410000e+00 6.115698e-02 1.055229e-17 6.490755e-02 0.000000e+00
2.420000e+00 6.081132e-02 -1.853345e-18 6.458948e-02 0.000000e+00
2.430000e+00 6.046726e-02 -1.164346e-17 6.427322e-02 0.000000e+00
2.440000e+00 6.012480e-02 6.251206e-18 6.395875e-02 0.000000e+00
2.450000e+00 5.978392e-02 -1.235656e-17 6.364607e-02 0.000000e+00
2.460000e+00 5.944462e-02 -1.317590e-17 6.333517e-02 0.000000e+00
2.470000e+00 5.910691e-02 -7.636322e-18 6.302604e-02 0.000000e+00
2.480000e+00 5.877077e-02 1.351174e-18 6.271869e-02 0.000000e+00
2.490000e+00 5.843621e-02 1.640695e-17 6.241309e-02 0.000000e+00
2.500000e+00 5.810321e-02 -3.488454e-18 6.210925e-02 0.000000e+00
2.510000e+00 5.777179e-02 -8.760390e-18 6.180714e-02 0.000000e+00
2.520000e+00 5.744192e-02 4.187154e-18 6.150678e-02 0.000000e+00
2.530000e+00 5.711362e-02 -2.151784e-18 6.120814e-02 0.000000e+00
2.540000e+00 5.678688e-02 2.746765e-18 6.091123e-02 0.000000e+00
2.550000e+00 5.646170e-02 -2.978027e-18 6.061602e-02 0.000000e+00
2.560000e+00 5.613808e-02 -4.692153e-18 6.032252e-02 0.000000e+00
2.570000e+00 5.581600e-02 3.741280e-18 6.003072e-02 0.000000e+00
2.580000e+00 5.549548e-02 5.836935e-18 5.974060e-02 0.000000e+00
2.590000e+00 5.517651e-02 -1.323701e-17 5.945217e-02 0.000000e+00
2.600000e+00 5.485910e-02 1.120753e-17 5.916541e-02 0.000000e+00
2.610000e+00 5.454323e-02 -9.231949e-18 5.888031e-02 0.000000e+00
2.620000e+00 5.422891e-02 4.025589e-18 5.859686e-02 0.000000e+00
2.630000e+00 5.391615e-02 -1.156271e-18 5.831507e-02 0.000000e+00
2.640000e+00 5.360493e-02 5.133234e-18 5.803491e-02 0.000000e+00
2.650000e+00 5.329527e-02 1.403128e-17 5.775639e-02 0.000000e+00
2.660000e+00 5.298715e-02 -3.826223e-18 5.747948e-02 0.000000e+00
2.670000e+00 5.268060e-02 -1.481653e-17 5.720420e-02 0.000000e+00
2.680000e+00 5.237559e-02 -1.189217e-18 5.693051e-02 0.000000e+00
2.690000e+00 5.207215e-02 -1.136010e-17 5.665843e-02 0.000000e+00
2.700000e+00 5.177026e-02 4.631431e-18 5.638793e-02 0.000000e+00
2.710000e+00 5.146994e-02 -1.539875e-17 5.611902e-02 0.000000e+00
2.720000e+00 5.117117e-02 9.774299e-19 5.585168e-02 0.000000e+00
2.730000e+00 5.087398e-02 2.019134e-17 5.558590e-02 0.000000e+00
2.740000e+00 5.057836e-02 1.036419e-17 5.532168e-02 0.000000e+00
2.750000e+00 5.028431e-02 -4.674179e-18 5.505901e-02 0.000000e+00
2.760000e+00 4.999184e-02 1.273717e-18 5.479787e-02 0.000000e+00
2.770000e+00 4.970095e-02 5.175071e-19 5.453827e-02 0.000000e+00
2.780000e+00 4.941165e-02 -1.375414e-17 5.428019e-02 0.000000e+00
2.790000e+00 4.912395e-02 2.863468e-18 5.402362e-02 0.000000e+00
2.800000e+00 4.883783e-02 -9.977512e-18 5.376856e-02 0.000000e+00
2.810000e+00 4.855332e-02 1.174667e-17 5.351500e-02 0.000000e+00
2.820000e+00 4.827042e-02 5.746481e-18 5.326292e-02 0.000000e+00
2.830000e+00 4.798913e-02 -1.845367e-18 5.301233e-02 0.000000e+00
2.840000e+00 4.770945e-02 5.614020e-18 5.276321e-02 0.000000e+00
2.850000e+00 4.743140e-02 -2.685493e-18 5.251555e-02 0.000000e+00
2.860000e+00 4.715498e-02 -8.356983e-18 5.226935e-02 0.000000e+00
2.870000e+00 4.688020e-02 -6.286113e-18 5.202460e-02 0.000000e+00
2.880000e+00 4.660706e-02 -2.912911e-19 5.178128e-02 0.000000e+00
2.890000e+00 4.633557e-02 1.663583e-17 5.153940e-02 0.000000e+00
2.900000e+00 4.606574e-02 -5.107682e-18 5.129893e-02 0.000000e+00
2.910000e+00 4.579757e-02 -1.001132e-17 5.105989e-02 0.000000e+00
2.920000e+00 4.553107e-02 5.835643e-18 5.082225e-02 0.000000e+00
2.930000e+00 4.526625e-02 -2.195748e-18 5.058600e-02 0.000000e+00
2.940000e+00 4.500311e-02 6.907909e-19 5.035115e-02 0.000000e+00
2.950000e+00 4.474166e-02 -1.626403e-18 5.011768e-02 0.000000e+00
2.960000e+00 4.448191e-02 -1.113858e-19 4.988558e-02 0.000000e+00
2.970000e+00 4.422386e-02 8.358791e-18 4.965484e-02 0.000000e+00
2.980000e+00 4.396753e-02 3.979545e-18 4.942547e-02 0.000000e+00
2.990000e+00 4.371291e-02 -1.575001e-17 4.919744e-02 0.000000e+00
3.000000e+00 4.346003e-02 -1.203628e-18 4.897075e-02 0.000000e+00
3.010000e+00 4.320887e-02 -5.011136e-18 4.874540e-02 0.000000e+00
3.020000e+00 4.295945e-02 3.138908e-18 4.852137e-02 0.000000e+00
3.030000e+00 4.271178e-02 -3.388348e-18 4.829866e-02 0.000000e+00
3.040000e+00 4.246586e-02 -1.864946e-18 4.807725e-02 0.000000e+00
3.050000e+00 4.222171e-02 1.220164e-17 4.785715e-02 0.000000e+00
3.060000e+00 4.197931e-02 -3.458539e-18 4.763834e-02 0.000000e+00
3.070000e+00 4.173869e-02 -1.326467e-17 4.742082e-02 0.000000e+00
3.080000e+00 4.149985e-02 2.547466e-18 4.720457e-02 0.000000e+00
3.090000e+00 4.126278e-02 -5.173746e-18 4.698960e-02 0.000000e+00
3.100000e+00 4.102751e-02 -4.121391e-18 4.677588e-02 0.000000e+00
3.110000e+00 4.079403e-02 -1.089166e-17 4.656342e-02 0.000000e+00
3.120000e+00 4.056234e-02 2.674254e-18 4.635221e-02 0.000000e+00
3.130000e+00 4.033246e-02 2.058493e-17 4.614223e-02 0.000000e+00
3.140000e+00 4.010439e-02 7.929310e-18 4.593349e-02 0.000000e+00
3.150000e+00 3.987813e-02 -9.042090e-18 4.572597e-02 0.000000e+00
3.160000e+00 3.965368e-02 -1.280200e-18 4.551966e-02 0.000000e+00
3.170000e+00 3.943105e-02 5.791770e-18 4.531456e-02 0.000000e+00
3.180000e+00 3.921024e-02 -8.684121e-18 4.511067e-02 0.000000e+00
3.190000e+00 3.899126e-02 5.739718e-19 4.490796e-02 0.000000e+00
3.200000e+00 3.877410e-02 -1.208842e-18 4.470644e-02 0.000000e+00
3.210000e+00 3.855877e-02 1.255525e-17 4.450610e-02 0.000000e+00
3.220000e+00 3.834527e-02 8.819619e-19 4.430694e-02 0.000000e+00
3.230000e+00 3.813360e-02 -7.565036e-18 4.410893e-02 0.000000e+00
3.240000e+00 3.792376e-02 3.545079e-18 4.391208e-02 0.000000e+00
3.250000e+00 3.771576e-02 -1.304591e-18 4.371638e-02 0.000000e+00
3.260000e+00 3.750959e-02 -1.112634e-17 4.352182e-02 0.000000e+00
3.270000e+00 3.730526e-02 -6.456553e-18 4.332839e-02 0.000000e+00
3.280000e+00 3.710275e-02 1.925149e-18 4.313610e-02 0.000000e+00
3.290000e+00 3.690208e-02 2.208835e-17 4.294492e-02 0.000000e+00
3.300000e+00 3.670324e-02 -5.294816e-18 4.275485e-02 0.000000e+00
3.310000e+00 3.650623e-02 -1.040992e-17 4.256589e-02 0.000000e+00
3.320000e+00 3.631104e-02 4.985593e-18 4.237803e-02 0.000000e+00
3.330000e+00 3.611768e-02 -8.099270e-19 4.219126e-02 0.000000e+00
3.340000e+00 3.592614e-02 3.479777e-18 4.200558e-02 0.000000e+00
3.350000e+00 3.573642e-02 4.096405e-18 4.182097e-02 0.000000e+00
3.360000e+00 3.554851e-02 4.545360e-18 4.163744e-02 0.000000e+00
3.370000e+00 3.536242e-02 1.409376e-17 4.145497e-02 0.000000e+00
3.380000e+00 3.517813e-02 -4.661457e-18 4.127355e-02 0.000000e+00
3.390000e+00 3.499564e-02 -1.208709e-17 4.109319e-02 0.000000e+00
3.400000e+00 3.481496e-02 1.915152e-18 4.091387e-02 0.000000e+00
3.410000e+00 3.463606e-02 -6.425658e-18 4.073558e-02 0.000000e+00
3.420000e+00 3.445895e-02 -1.722836e-18 4.055833e-02 0.000000e+00
3.430000e+00 3.428362e-02 -9.549283e-18 4.038210e-02 0.000000e+00
3.440000e+00 3.411007e-02 2.755609e-18 4.020689e-02 0.000000e+00
3.450000e+00 3.393828e-02 1.500588e-17 4.003268e-02 0.000000e+00
3.460000e+00 3.376826e-02 7.868460e-19 3.985949e-02 0.000000e+00
3.470000e+00 3.359999e-02 -1.845690e-17 3.968729e-02 0.000000e+00
3.480000e+00 3.343346e-02 -6.744873e-18 3.951607e-02 0.000000e+00
3.490000e+00 3.326868e-02 -1.082883e-17 3.934585e-02 0.000000e+00
3.500000e+00 3.310563e-02 -6.286045e-19 3.917660e-02 0.000000e+00
3.510000e+00 3.294430e-02 -1.003474e-17 3.900833e-02 0.000000e+00
3.520000e+00 3.278469e-02 1.826870e-19 3.884102e-02 0.000000e+00
3.530000e+00 3.262678e-02 2.271039e-17 3.867466e-02 0.000000e+00
3.540000e+00 3.247057e-02 2.956827e-18 3.850927e-02 0.000000e+00
3.550000e+00 3.231605e-02 -9.401939e-18 3.834481e-02 0.000000e+00
3.560000e+00 3.216321e-02 -2.859770e-18 3.818130e-02 0.000000e+00
3.570000e+00 3.201205e-02 4.735140e-18 3.801873e-02 0.000000e+00
3.580000e+00 3.186254e-02 -1.932949e-17 3.785708e-02 0.000000e+00
3.590000e+00 3.171468e-02 2.432198e-18 3.769635e-02 0.000000e+00
3.600000e+00 3.156847e-02 -8.968218e-18 3.753654e-02 0.000000e+00
3.610000e+00 3.142389e-02 6.245153e-18 3.737764e-02 0.000000e+00
3.620000e+00 3.128093e-02 -4.838760e-19 3.721965e-02 0.000000e+00
3.630000e+00 3.113958e-02 -1.544369e-17 3.706255e-02 0.000000e+00
3.640000e+00 3.099983e-02 2.354834e-18 3.690635e-02 0.000000e+00
3.650000e+00 3.086167e-02 8.455055e-19 3.675103e-02 0.000000e+00
3.660000e+00 3.072509e-02 -1.214851e-17 3.659660e-02 0.000000e+00
3.670000e+00 3.059009e-02 -9.468025e-18 3.644304e-02 0.000000e+00
3.680000e+00 3.045664e-02 -4.280570e-19 3.629035e-02 0.000000e+00
3.690000e+00 3.032473e-02 1.387583e-17 3.613852e-02 0.000000e+00
3.700000e+00 3.019437e-02 -5.639659e-18 3.598755e-02 0.000000e+00
3.710000e+00 3.006553e-02 -1.689833e-17 3.583743e-02 0.000000e+00
3.720000e+00 2.993821e-02 8.010750e-19 3.568817e-02 0.000000e+00
3.730000e+00 2.981239e-02 -6.940441e-18 3.553974e-02 0.000000e+00
3.740000e+00 2.968807e-02 -3.023600e-18 3.539215e-02 0.000000e+00
3.750000e+00 2.956522e-02 2.613993e-18 3.524539e-02 0.000000e+00
3.760000e+00 2.944385e-02 -3.047054e-18 3.509945e-02 0.000000e+00
3.770000e+00 2.932394e-02 6.901082e-18 3.495433e-02 0.000000e+00
3.780000e+00 2.920548e-02 -5.150244e-18 3.481003e-02 0.000000e+00
3.790000e+00 2.908846e-02 -1.989661e-17 3.466654e-02 0.000000e+00
3.800000e+00 2.897286e-02 1.972862e-18 3.452385e-02 0.000000e+00
3.810000e+00 2.885868e-02 -1.710413e-18 3.438196e-02 0.000000e+00
3.820000e+00 2.874590e-02 -4.557322e-18 3.424086e-02 0.000000e+00
3.830000e+00 2.863452e-02 -3.912578e-18 3.410055e-02 0.000000e+00
3.840000e+00 2.852452e-02 5.777505e-18 3.396102e-02 0.000000e+00
3.850000e+00 2.841589e-02 1.278511e-17 3.382228e-02 0.000000e+00
3.860000e+00 2.830863e-02 2.633469e-18 3.368430e-02 0.000000e+00
3.870000e+00 2.820271e-02 -1.881258e-17 3.354709e-02 0.000000e+00
3.880000e+00 2.809813e-02 -6.343388e-18 3.341064e-02 0.000000e+00
3.890000e+00 2.799488e-02 -5.378471e-18 3.327496e-02 0.000000e+00
3.900000e+00 2.789295e-02 -3.319715e-18 3.314002e-02 0.000000e+00
3.910000e+00 2.779233e-02 -1.634108e-17 3.300583e-02 0.000000e+00
3.920000e+00 2.769301e-02 -2.261136e-19 3.287239e-02 0.000000e+00
3.930000e+00 2.759497e-02 2.124964e-17 3.273968e-02 0.000000e+00
3.940000e+00 2.749820e-02 -2.683064e-18 3.260770e-02 0.000000e+00
3.950000e+00 2.740270e-02 -2.058758e-18 3.247646e-02 0.000000e+00
3.960000e+00 2.730846e-02 2.352540e-18 3.234594e-02 0.000000e+00
3.970000e+00 2.721546e-02 6.651314e-18 3.221613e-02 0.000000e+00
3.980000e+00 2.712370e-02 -6.101681e-18 3.208704e-02 0.000000e+00
3.990000e+00 2.703316e-02 3.107560e-18 3.195866e-02 0.000000e+00
4.000000e+00 2.694384e-02 -8.203114e-18 3.183099e-02 0.000000e+00
4.010000e+00 2.685572e-02 1.846669e-18 3.170401e-02 0.000000e+00
4.020000e+00 2.676880e-02 -1.030344e-18 3.157774e-02 0.000000e+00
4.030000e+00 2.668306e-02 -1.366510e-17 3.145215e-02 0.000000e+00
4.040000e+00 2.659850e-02 2.580775e-18 3.132725e-02 0.000000e+00
4.050000e+00 2.651511e-02 9.322025e-19 3.120303e-02 0.000000e+00
4.060000e+00 2.643287e-02 -4.642596e-18 3.107949e-02 0.000000e+00
4.070000e+00 2.635179e-02 -6.601696e-18 3.095662e-02 0.000000e+00
4.080000e+00 2.627184e-02 -2.634902e-18 3.083442e-02 0.000000e+00
4.090000e+00 2.619302e-02 1.183091e-17 3.071289e-02 0.000000e+00
4.100000e+00 2.611532e-02 -2.941437e-18 3.059201e-02 0.000000e+00
4.110000e+00 2.603873e-02 -1.428993e-17 3.047179e-02 0.000000e+00
4.120000e+00 2.596325e-02 2.677044e-19 3.035223e-02 0.000000e+00
4.130000e+00 2.588886e-02 -4.437798e-18 3.023331e-02 0.000000e+00
4.140000e+00 2.581556e-02 1.396708e-18 3.011503e-02 0.000000e+00
4.150000e+00 2.574333e-02 5.217060e-18 2.999740e-02 0.000000e+00
4.160000e+00 2.567218e-02 2.710754e-18 2.988040e-02 0.000000e+00
4.170000e+00 2.560208e-02 9.333257e-18 2.976403e-02 0.000000e+00
4.180000e+00 2.553304e-02 -4.623663e-18 2.964828e-02 0.000000e+00
4.190000e+00 2.546505e-02 -1.598254e-17 2.953316e-02 0.000000e+00
4.200000e+00 2.539809e-02 -8.373434e-18 2.941866e-02 0.000000e+00
4.210000e+00 2.533216e-02 -3.245284e-18 2.930477e-02 0.000000e+00
4.220000e+00 2.526725e-02 -9.932805e-18 2.919149e-02 0.000000e+00
4.230000e+00 2.520336e-02 -7.395466e-18 2.907882e-02 0.000000e+00
4.240000e+00 2.514047e-02 -7.341230e-18 2.896676e-02 0.000000e+00
4.250000e+00 2.507858e-02 4.747366e-18 2.885529e-02 0.000000e+00
4.260000e+00 2.501769e-02 -3.671567e-18 2.874441e-02 0.000000e+00
4.270000e+00 2.495777e-02 -2.187452e-17 2.863413e-02 0.000000e+00
4.280000e+00 2.489884e-02 -4.881625e-18 2.852444e-02 0.000000e+00
4.290000e+00 2.484088e-02 -5.525021e-18 2.841532e-02 0.000000e+00
4.300000e+00 2.478388e-02 -1.010539e-17 2.830679e-02 0.000000e+00
4.310000e+00 2.472785e-02 -1.445710e-17 2.819884e-02 0.000000e+00
4.320000e+00 2.467276e-02 2.876467e-18 2.809145e-02 0.000000e+00
4.330000e+00 2.461861e-02 7.399214e-18 2.798464e-02 0.000000e+00
4.340000e+00 2.456541e-02 -6.963798e-18 2.787839e-02 0.000000e+00
4.350000e+00 2.451314e-02 -1.786390e-17 2.777270e-02 0.000000e+00
4.360000e+00 2.446179e-02 -7.756914e-18 2.766757e-02 0.000000e+00
4.370000e+00 2.441136e-02 7.897140e-18 2.756300e-02 0.000000e+00
4.380000e+00 2.436185e-02 -9.241839e-18 2.745897e-02 0.000000e+00
4.390000e+00 2.431325e-02 -2.348589e-18 2.735549e-02 0.000000e+00
4.400000e+00 2.426554e-02 -1.377220e-17 2.725256e-02 0.000000e+00
4.410000e+00 2.421874e-02 -4.139916e-19 2.715016e-02 0.000000e+00
4.420000e+00 2.417283e-02 -4.244038e-18 2.704831e-02 0.000000e+00
4.430000e+00 2.412780e-02 -1.877051e-17 2.694698e-02 0.000000e+00
4.440000e+00 2.408365e-02 -5.483064e-19 2.684619e-02 0.000000e+00
4.450000e+00 2.404038e-02 -6.206615e-18 2.674592e-02 0.000000e+00
4.460000e+00 2.399798e-02 -1.188722e-17 2.664618e-02 0.000000e+00
4.470000e+00 2.395645e-02 -3.910922e-18 2.654695e-02 0.000000e+00
4.480000e+00 2.391577e-02 -4.269708e-18 2.644824e-02 0.000000e+00
4.490000e+00 2.387595e-02 5.245775e-18 2.635005e-02 0.000000e+00
4.500000e+00 2.383699e-02 -8.149276e-18 2.625236e-02 0.000000e+00
4.510000e+00 2.379887e-02 -1.595005e-17 2.615518e-02 0.000000e+00
4.520000e+00 2.376159e-02 9.977915e-19 2.605851e-02 0.000000e+00
4.530000e+00 2.372515e-02 -9.718468e-18 2.596233e-02 0.000000e+00
4.540000e+00 2.368954e-02 -1.653221e-18 2.586666e-02 0.000000e+00
4.550000e+00 2.365477e-02 7.838055e-18 2.577147e-02 0.000000e+00
4.560000e+00 2.362081e-02 -1.626098e-18 2.567678e-02 0.000000e+00
4.570000e+00 2.358768e-02 3.109777e-18 2.558257e-02 0.000000e+00
4.580000e+00 2.355537e-02 -9.474058e-18 2.548885e-02 0.000000e+00
4.590000e+00 2.352387e-02 -1.342769e-17 2.539561e-02 0.000000e+00
4.600000e+00 2.349319e-02 -1.921607e-18 2.530285e-02 0.000000e+00
4.610000e+00 2.346330e-02 -5.326769e-18 2.521057e-02 0.000000e+00
4.620000e+00 2.343422e-02 -2.800808e-18 2.511875e-02 0.000000e+00
4.630000e+00 2.340595e-02 -2.704715e-19 2.502741e-02 0.000000e+00
4.640000e+00 2.337846e-02 -7.427009e-18 2.493654e-02 0.000000e+00
4.650000e+00 2.335177e-02 7.209256e-18 2.484612e-02 0.000000e+00
4.660000e+00 2.332587e-02 3.399806e-18 2.475617e-02 0.000000e+00
4.670000e+00 2.330076e-02 -1.215234e-17 2.466668e-02 0.000000e+00
4.680000e+00 2.327643e-02 -7.609903e-18 2.457764e-02 0.000000e+00
4.690000e+00 2.325289e-02 -5.617266e-18 2.448905e-02 0.000000e+00
4.700000e+00 2.323012e-02 -3.441137e-18 2.440091e-02 0.000000e+00
4.710000e+00 2.320813e-02 -8.670938e-18 2.431322e-02 0.000000e+00
4.720000e+00 2.318691e-02 -6.747245e-18 2.422597e-02 0.000000e+00
4.730000e+00 2.316646e-02 1.371193e-17 2.413916e-02 0.000000e+00
4.740000e+00 2.314678e-02 -1.879356e-19 2.405280e-02 0.000000e+00
4.750000e+00 2.312787e-02 -6.309886e-18 2.396686e-02 0.000000e+00
4.760000e+00 2.310972e-02 1.097404e-18 2.388136e-02 0.000000e+00
4.770000e+00 2.309233e-02 -5.238898e-18 2.379629e-02 0.000000e+00
4.780000e+00 2.307570e-02 -3.317975e-20 2.371165e-02 0.000000e+00
4.790000e+00 2.305984e-02 -4.882066e-18 2.362743e-02 0.000000e+00
4.800000e+00 2.304472e-02 -5.181928e-18 2.354363e-02 0.000000e+00
4.810000e+00 2.303036e-02 -8.115750e-19 2.346025e-02 0.000000e+00
4.820000e+00 2.301676e-02 -3.906122e-18 2.337729e-02 0.000000e+00
4.830000e+00 2.300391e-02 -1.561681e-17 2.329475e-02 0.000000e+00
4.840000e+00 2.299180e-02 -5.677597e-18 2.321261e-02 0.000000e+00
4.850000e+00 2.298045e-02 -5.670163e-18 2.313088e-02 0.000000e+00
4.860000e+00 2.296984e-02 -1.042586e-17 2.304957e-02 0.000000e+00
4.870000e+00 2.295997e-02 -1.223816e-17 2.296865e-02 0.000000e+00
4.880000e+00 2.295085e-02 -3.529818e-18 2.288814e-02 0.000000e+00
4.890000e+00 2.294248e-02 1.281476e-18 2.280802e-02 0.000000e+00
4.900000e+00 2.293485e-02 -1.371833e-18 2.272830e-02 0.000000e+00
4.910000e+00 2.292796e-02 -1.832097e-17 2.264898e-02 0.000000e+00
4.920000e+00 2.292181e-02 -6.947480e-18 2.257005e-02 0.000000e+00
4.930000e+00 2.291640e-02 -9.995936e-18 2.249150e-02 0.000000e+00
4.940000e+00 2.291173e-02 -7.024850e-18 2.241335e-02 0.000000e+00
4.950000e+00 2.290780e-02 -9.027655e-19 2.233558e-02 0.000000e+00
4.960000e+00 2.290461e-02 2.519574e-18 2.225819e-02 0.000000e+00
4.970000e+00 2.290216e-02 3.462779e-18 2.218118e-02 0.000000e+00
4.980000e+00 2.290044e-02 -5.350234e-18 2.210455e-02 0.000000e+00
4.990000e+00 2.289947e-02 -1.570874e-17 2.202829e-02 0.000000e+00
