# "w" "numerical(real, imag)" "exact(real, imag)"
-1.000000e+01 1.696435e-02 5.759303e-18 2.448538e-03 0.000000e+00
-9.980000e+00 1.680264e-02 -6.343347e-18 2.454576e-03 0.000000e+00
-9.960000e+00 1.664356e-02 -2.800425e-18 2.460636e-03 0.000000e+00
-9.940000e+00 1.648704e-02 6.581273e-20 2.466719e-03 0.000000e+00
-9.920000e+00 1.633304e-02 -1.533684e-18 2.472825e-03 0.000000e+00
-9.900000e+00 1.618150e-02 3.279990e-18 2.478952e-03 0.000000e+00
-9.880000e+00 1.603238e-02 -1.706719e-18 2.485103e-03 0.000000e+00
-9.860000e+00 1.588562e-02 -8.254283e-18 2.491276e-03 0.000000e+00
-9.840000e+00 1.574118e-02 2.056869e-18 2.497473e-03 0.000000e+00
-9.820000e+00 1.559901e-02 -3.148085e-18 2.503692e-03 0.000000e+00
-9.800000e+00 1.545906e-02 5.212287e-19 2.509934e-03 0.000000e+00
-9.780000e+00 1.532130e-02 3.502518e-18 2.516200e-03 0.000000e+00
-9.760000e+00 1.518567e-02 2.242285e-18 2.522489e-03 0.000000e+00
-9.740000e+00 1.505213e-02 6.225923e-18 2.528802e-03 0.000000e+00
-9.720000e+00 1.492065e-02 3.421768e-18 2.535138e-03 0.000000e+00
-9.700000e+00 1.479118e-02 -1.049660e-18 2.541498e-03 0.000000e+00
-9.680000e+00 1.466368e-02 -1.570971e-19 2.547881e-03 0.000000e+00
-9.660000e+00 1.453812e-02 -1.250005e-18 2.554289e-03 0.000000e+00
-9.640000e+00 1.441446e-02 -3.729665e-18 2.560721e-03 0.000000e+00
-9.620000e+00 1.429266e-02 5.147061e-18 2.567177e-03 0.000000e+00
-9.600000e+00 1.417268e-02 -3.131552e-19 2.573657e-03 0.000000e+00
-9.580000e+00 1.405449e-02 -1.411606e-18 2.580162e-03 0.000000e+00
-9.560000e+00 1.393806e-02 1.218912e-18 2.586691e-03 0.000000e+00
-9.540000e+00 1.382336e-02 -7.018376e-18 2.593245e-03 0.000000e+00
-9.520000e+00 1.371034e-02 -3.576264e-18 2.599823e-03 0.000000e+00
-9.500000e+00 1.359899e-02 2.928618e-18 2.606427e-03 0.000000e+00
-9.480000e+00 1.348926e-02 5.789903e-18 2.613056e-03 0.000000e+00
-9.460000e+00 1.338114e-02 4.027456e-18 2.619709e-03 0.000000e+00
-9.440000e+00 1.327458e-02 -1.093228e-17 2.626389e-03 0.000000e+00
-9.420000e+00 1.316956e-02 5.291032e-18 2.633093e-03 0.000000e+00
-9.400000e+00 1.306605e-02 8.120858e-18 2.639823e-03 0.000000e+00
-9.380000e+00 1.296403e-02 -7.267615e-18 2.646579e-03 0.000000e+00
-9.360000e+00 1.286347e-02 2.956877e-18 2.653361e-03 0.000000e+00
-9.340000e+00 1.276433e-02 -5.528172e-18 2.660168e-03 0.000000e+00
-9.320000e+00 1.266661e-02 1.159424e-17 2.667002e-03 0.000000e+00
-9.300000e+00 1.257026e-02 5.296596e-18 2.673862e-03 0.000000e+00
-9.280000e+00 1.247527e-02 -1.588051e-18 2.680748e-03 0.000000e+00
-9.260000e+00 1.238161e-02 3.804026e-18 2.687661e-03 0.000000e+00
-9.240000e+00 1.228926e-02 1.288666e-17 2.694600e-03 0.000000e+00
-9.220000e+00 1.219820e-02 -1.233606e-19 2.701566e-03 0.000000e+00
-9.200000e+00 1.210840e-02 7.579042e-18 2.708559e-03 0.000000e+00
-9.180000e+00 1.201984e-02 -5.507039e-18 2.715579e-03 0.000000e+00
-9.160000e+00 1.193251e-02 -2.001192e-18 2.722626e-03 0.000000e+00
-9.140000e+00 1.184637e-02 6.187105e-19 2.729701e-03 0.000000e+00
-9.120000e+00 1.176141e-02 -2.787930e-18 2.736803e-03 0.000000e+00
-9.100000e+00 1.167760e-02 9.034523e-18 2.743932e-03 0.000000e+00
-9.080000e+00 1.159494e-02 -2.202744e-18 2.751090e-03 0.000000e+00
-9.060000e+00 1.151340e-02 -4.245316e-18 2.758275e-03 0.000000e+00
-9.040000e+00 1.143296e-02 4.182828e-18 2.765488e-03 0.000000e+00
-9.020000e+00 1.135360e-02 -4.466364e-18 2.772729e-03 0.000000e+00
-9.000000e+00 1.127530e-02 2.109417e-18 2.779999e-03 0.000000e+00
-8.980000e+00 1.119806e-02 1.263000e-17 2.787297e-03 0.000000e+00
-8.960000e+00 1.112184e-02 -4.789435e-18 2.794624e-03 0.000000e+00
-8.940000e+00 1.104663e-02 8.778093e-18 2.801979e-03 0.000000e+00
-8.920000e+00 1.097243e-02 9.168966e-18 2.809364e-03 0.000000e+00
-8.900000e+00 1.089920e-02 2.866032e-18 2.816777e-03 0.000000e+00
-8.880000e+00 1.082694e-02 3.025775e-18 2.824220e-03 0.000000e+00
-8.860000e+00 1.075562e-02 -3.666099e-18 2.831692e-03 0.000000e+00
-8.840000e+00 1.068524e-02 2.167366e-18 2.839193e-03 0.000000e+00
-8.820000e+00 1.061578e-02 7.849835e-18 2.846724e-03 0.000000e+00
-8.800000e+00 1.054722e-02 2.616985e-18 2.854285e-03 0.000000e+00
-8.780000e+00 1.047956e-02 -1.986209e-18 2.861876e-03 0.000000e+00
-8.760000e+00 1.041276e-02 9.896968e-18 2.869497e-03 0.000000e+00
-8.740000e+00 1.034684e-02 7.909670e-18 2.877149e-03 0.000000e+00
-8.720000e+00 1.028176e-02 -4.014745e-18 2.884830e-03 0.000000e+00
-8.700000e+00 1.021751e-02 9.304293e-18 2.892543e-03 0.000000e+00
-8.680000e+00 1.015409e-02 1.059598e-18 2.900286e-03 0.000000e+00
-8.660000e+00 1.009149e-02 8.251237e-18 2.908060e-03 0.000000e+00
-8.640000e+00 1.002967e-02 -8.859542e-18 2.915866e-03 0.000000e+00
-8.620000e+00 9.968649e-03 9.019357e-18 2.923702e-03 0.000000e+00
-8.600000e+00 9.908398e-03 5.012245e-18 2.931570e-03 0.000000e+00
-8.580000e+00 9.848910e-03 -5.730672e-18 2.939470e-03 0.000000e+00
-8.560000e+00 9.790173e-03 1.166910e-17 2.947401e-03 0.000000e+00
-8.540000e+00 9.732176e-03 -8.647360e-18 2.955364e-03 0.000000e+00
-8.520000e+00 9.674908e-03 9.993903e-18 2.963360e-03 0.000000e+00
-8.500000e+00 9.618358e-03 3.151342e-18 2.971388e-03 0.000000e+00
-8.480000e+00 9.562516e-03 7.782128e-18 2.979448e-03 0.000000e+00
-8.460000e+00 9.507372e-03 4.937318e-18 2.987540e-03 0.000000e+00
-8.440000e+00 9.452915e-03 6.618071e-18 2.995666e-03 0.000000e+00
-8.420000e+00 9.399135e-03 1.104098e-17 3.003825e-03 0.000000e+00
-8.400000e+00 9.346023e-03 8.504469e-18 3.012016e-03 0.000000e+00
-8.380000e+00 9.293570e-03 -1.288882e-20 3.020241e-03 0.000000e+00
-8.360000e+00 9.241765e-03 -3.322169e-19 3.028500e-03 0.000000e+00
-8.340000e+00 9.190599e-03 3.893007e-18 3.036792e-03 0.000000e+00
-8.320000e+00 9.140064e-03 -1.581326e-19 3.045118e-03 0.000000e+00
-8.300000e+00 9.090151e-03 1.196501e-17 3.053479e-03 0.000000e+00
-8.280000e+00 9.040851e-03 5.552789e-18 3.061873e-03 0.000000e+00
-8.260000e+00 8.992155e-03 -2.053939e-18 3.070302e-03 0.000000e+00
-8.240000e+00 8.944056e-03 3.580604e-18 3.078766e-03 0.000000e+00
-8.220000e+00 8.896544e-03 -2.210966e-18 3.087264e-03 0.000000e+00
-8.200000e+00 8.849613e-03 1.062287e-17 3.095797e-03 0.000000e+00
-8.180000e+00 8.803253e-03 1.570522e-17 3.104366e-03 0.000000e+00
-8.160000e+00 8.757458e-03 3.953973e-18 3.112970e-03 0.000000e+00
-8.140000e+00 8.712220e-03 1.276047e-17 3.121609e-03 0.000000e+00
-8.120000e+00 8.667530e-03 1.606593e-17 3.130285e-03 0.000000e+00
-8.100000e+00 8.623383e-03 6.755273e-18 3.138996e-03 0.000000e+00
-8.080000e+00 8.579770e-03 9.819699e-18 3.147743e-03 0.000000e+00
-8.060000e+00 8.536685e-03 1.868929e-18 3.156527e-03 0.000000e+00
-8.040000e+00 8.494121e-03 2.042607e-18 3.165348e-03 0.000000e+00
-8.020000e+00 8.452070e-03 1.102752e-17 3.174205e-03 0.000000e+00
-8.000000e+00 8.410527e-03 4.029652e-18 3.183099e-03 0.000000e+00
-7.980000e+00 8.369485e-03 8.703114e-18 3.192030e-03 0.000000e+00
-7.960000e+00 8.328937e-03 4.021463e-18 3.200999e-03 0.000000e+00
-7.940000e+00 8.288876e-03 7.497020e-18 3.210005e-03 0.000000e+00
-7.920000e+00 8.249298e-03 5.249362e-18 3.219049e-03 0.000000e+00
-7.900000e+00 8.210195e-03 1.013480e-17 3.228131e-03 0.000000e+00
-7.880000e+00 8.171561e-03 1.011421e-17 3.237252e-03 0.000000e+00
-7.860000e+00 8.133391e-03 2.081334e-17 3.246410e-03 0.000000e+00
-7.840000e+00 8.095680e-03 -5.847729e-19 3.255608e-03 0.000000e+00
-7.820000e+00 8.058420e-03 9.668125e-18 3.264844e-03 0.000000e+00
-7.800000e+00 8.021607e-03 6.635245e-18 3.274119e-03 0.000000e+00
-7.780000e+00 7.985236e-03 2.278516e-18 3.283434e-03 0.000000e+00
-7.760000e+00 7.949300e-03 1.548648e-17 3.292788e-03 0.000000e+00
-7.740000e+00 7.913795e-03 -8.512863e-18 3.302182e-03 0.000000e+00
-7.720000e+00 7.878715e-03 1.606092e-17 3.311616e-03 0.000000e+00
-7.700000e+00 7.844056e-03 9.139497e-18 3.321090e-03 0.000000e+00
-7.680000e+00 7.809812e-03 5.660956e-18 3.330605e-03 0.000000e+00
-7.660000e+00 7.775978e-03 1.177669e-17 3.340160e-03 0.000000e+00
-7.640000e+00 7.742550e-03 9.989061e-18 3.349756e-03 0.000000e+00
-7.620000e+00 7.709522e-03 6.302705e-18 3.359393e-03 0.000000e+00
-7.600000e+00 7.676891e-03 8.311020e-18 3.369072e-03 0.000000e+00
-7.580000e+00 7.644651e-03 9.359225e-18 3.378792e-03 0.000000e+00
-7.560000e+00 7.612798e-03 3.096064e-18 3.388554e-03 0.000000e+00
-7.540000e+00 7.581327e-03 1.386528e-17 3.398358e-03 0.000000e+00
-7.520000e+00 7.550235e-03 5.770313e-18 3.408204e-03 0.000000e+00
-7.500000e+00 7.519517e-03 9.111417e-18 3.418093e-03 0.000000e+00
-7.480000e+00 7.489169e-03 9.102490e-18 3.428024e-03 0.000000e+00
-7.460000e+00 7.459186e-03 -9.217616e-19 3.437999e-03 0.000000e+00
-7.440000e+00 7.429564e-03 5.969962e-18 3.448017e-03 0.000000e+00
-7.420000e+00 7.400301e-03 3.628449e-18 3.458078e-03 0.000000e+00
-7.400000e+00 7.371390e-03 1.536519e-17 3.468184e-03 0.000000e+00
-7.380000e+00 7.342830e-03 1.519170e-17 3.478333e-03 0.000000e+00
-7.360000e+00 7.314616e-03 8.906637e-18 3.488526e-03 0.000000e+00
-7.340000e+00 7.286744e-03 1.426297e-17 3.498764e-03 0.000000e+00
-7.320000e+00 7.259210e-03 1.262626e-17 3.509047e-03 0.000000e+00
-7.300000e+00 7.232012e-03 1.191194e-17 3.519375e-03 0.000000e+00
-7.280000e+00 7.205145e-03 1.026388e-17 3.529748e-03 0.000000e+00
-7.260000e+00 7.178606e-03 6.755063e-18 3.540167e-03 0.000000e+00
-7.240000e+00 7.152391e-03 5.650254e-18 3.550632e-03 0.000000e+00
-7.220000e+00 7.126498e-03 1.647192e-17 3.561143e-03 0.000000e+00
-7.200000e+00 7.100923e-03 5.150135e-18 3.571700e-03 0.000000e+00
-7.180000e+00 7.075662e-03 1.458109e-17 3.582304e-03 0.000000e+00
-7.160000e+00 7.050713e-03 5.410398e-18 3.592954e-03 0.000000e+00
-7.140000e+00 7.026073e-03 1.359833e-17 3.603652e-03 0.000000e+00
-7.120000e+00 7.001738e-03 1.225091e-17 3.614398e-03 0.000000e+00
-7.100000e+00 6.977705e-03 7.090742e-18 3.625191e-03 0.000000e+00
-7.080000e+00 6.953971e-03 1.003557e-17 3.636032e-03 0.000000e+00
-7.060000e+00 6.930534e-03 2.512247e-17 3.646922e-03 0.000000e+00
-7.040000e+00 6.907390e-03 1.104911e-17 3.657860e-03 0.000000e+00
-7.020000e+00 6.884537e-03 1.553765e-17 3.668847e-03 0.000000e+00
-7.000000e+00 6.861972e-03 1.222083e-17 3.679883e-03 0.000000e+00
-6.980000e+00 6.839692e-03 4.359724e-18 3.690969e-03 0.000000e+00
-6.960000e+00 6.817694e-03 1.049531e-17 3.702104e-03 0.000000e+00
-6.940000e+00 6.795976e-03 3.170742e-18 3.713290e-03 0.000000e+00
-6.920000e+00 6.774536e-03 2.350194e-17 3.724526e-03 0.000000e+00
-6.900000e+00 6.753371e-03 1.173123e-17 3.735812e-03 0.000000e+00
-6.880000e+00 6.732477e-03 4.684466e-18 3.747150e-03 0.000000e+00
-6.860000e+00 6.711854e-03 2.051995e-17 3.758539e-03 0.000000e+00
-6.840000e+00 6.691498e-03 7.184248e-19 3.769979e-03 0.000000e+00
-6.820000e+00 6.671407e-03 1.422366e-17 3.781471e-03 0.000000e+00
-6.800000e+00 6.651578e-03 1.744004e-17 3.793016e-03 0.000000e+00
-6.780000e+00 6.632010e-03 9.222279e-18 3.804613e-03 0.000000e+00
-6.760000e+00 6.612700e-03 9.618044e-18 3.816263e-03 0.000000e+00
-6.740000e+00 6.593646e-03 1.298930e-17 3.827966e-03 0.000000e+00
-6.720000e+00 6.574846e-03 1.517806e-17 3.839722e-03 0.000000e+00
-6.700000e+00 6.556298e-03 1.507429e-17 3.851532e-03 0.000000e+00
-6.680000e+00 6.537999e-03 2.594366e-18 3.863397e-03 0.000000e+00
-6.660000e+00 6.519948e-03 1.351977e-17 3.875315e-03 0.000000e+00
-6.640000e+00 6.502142e-03 1.184132e-17 3.887289e-03 0.000000e+00
-6.620000e+00 6.484579e-03 1.311637e-17 3.899318e-03 0.000000e+00
-6.600000e+00 6.467258e-03 1.579698e-17 3.911402e-03 0.000000e+00
-6.580000e+00 6.450177e-03 1.733424e-17 3.923542e-03 0.000000e+00
-6.560000e+00 6.433334e-03 1.467174e-18 3.935738e-03 0.000000e+00
-6.540000e+00 6.416726e-03 2.059824e-17 3.947990e-03 0.000000e+00
-6.520000e+00 6.400353e-03 6.495288e-18 3.960300e-03 0.000000e+00
-6.500000e+00 6.384212e-03 1.331294e-17 3.972666e-03 0.000000e+00
-6.480000e+00 6.368301e-03 1.473788e-17 3.985090e-03 0.000000e+00
-6.460000e+00 6.352620e-03 4.949866e-18 3.997572e-03 0.000000e+00
-6.440000e+00 6.337165e-03 1.228411e-18 4.010112e-03 0.000000e+00
-6.420000e+00 6.321937e-03 1.218140e-17 4.022711e-03 0.000000e+00
-6.400000e+00 6.306932e-03 6.940584e-18 4.035369e-03 0.000000e+00
-6.380000e+00 6.292150e-03 1.262896e-17 4.048086e-03 0.000000e+00
-6.360000e+00 6.277588e-03 1.164899e-17 4.060862e-03 0.000000e+00
-6.340000e+00 6.263246e-03 1.607801e-17 4.073699e-03 0.000000e+00
-6.320000e+00 6.249122e-03 1.199963e-17 4.086596e-03 0.000000e+00
-6.300000e+00 6.235214e-03 1.098865e-17 4.099554e-03 0.000000e+00
-6.280000e+00 6.221521e-03 9.227941e-18 4.112573e-03 0.000000e+00
-6.260000e+00 6.208042e-03 2.289560e-17 4.125654e-03 0.000000e+00
-6.240000e+00 6.194775e-03 9.187920e-18 4.138797e-03 0.000000e+00
-6.220000e+00 6.181719e-03 1.455905e-17 4.152002e-03 0.000000e+00
-6.200000e+00 6.168872e-03 4.488366e-18 4.165269e-03 0.000000e+00
-6.180000e+00 6.156233e-03 6.681560e-18 4.178600e-03 0.000000e+00
-6.160000e+00 6.143802e-03 1.684675e-17 4.191995e-03 0.000000e+00
-6.140000e+00 6.131576e-03 -3.427257e-18 4.205453e-03 0.000000e+00
-6.120000e+00 6.119555e-03 1.163314e-17 4.218975e-03 0.000000e+00
-6.100000e+00 6.107737e-03 1.260742e-17 4.232563e-03 0.000000e+00
-6.080000e+00 6.096122e-03 6.359024e-18 4.246215e-03 0.000000e+00
-6.060000e+00 6.084707e-03 2.261740e-17 4.259933e-03 0.000000e+00
-6.040000e+00 6.073493e-03 3.026562e-18 4.273717e-03 0.000000e+00
-6.020000e+00 6.062477e-03 7.814134e-18 4.287568e-03 0.000000e+00
-6.000000e+00 6.051660e-03 7.791900e-18 4.301485e-03 0.000000e+00
-5.980000e+00 6.041039e-03 1.092287e-17 4.315469e-03 0.000000e+00
-5.960000e+00 6.030614e-03 1.085408e-17 4.329522e-03 0.000000e+00
-5.940000e+00 6.020384e-03 1.156858e-17 4.343642e-03 0.000000e+00
-5.920000e+00 6.010348e-03 4.468660e-18 4.357831e-03 0.000000e+00
-5.900000e+00 6.000505e-03 3.223282e-18 4.372088e-03 0.000000e+00
-5.880000e+00 5.990854e-03 3.470715e-18 4.386415e-03 0.000000e+00
-5.860000e+00 5.981395e-03 2.107279e-18 4.400812e-03 0.000000e+00
-5.840000e+00 5.972126e-03 3.432744e-18 4.415280e-03 0.000000e+00
-5.820000e+00 5.963046e-03 1.011695e-17 4.429818e-03 0.000000e+00
-5.800000e+00 5.954155e-03 8.914208e-18 4.444427e-03 0.000000e+00
-5.780000e+00 5.945453e-03 1.091217e-17 4.459108e-03 0.000000e+00
-5.760000e+00 5.936937e-03 2.793251e-18 4.473862e-03 0.000000e+00
-5.740000e+00 5.928608e-03 8.040316e-18 4.488687e-03 0.000000e+00
-5.720000e+00 5.920465e-03 -4.504340e-18 4.503586e-03 0.000000e+00
-5.700000e+00 5.912508e-03 5.096563e-18 4.518559e-03 0.000000e+00
-5.680000e+00 5.904734e-03 6.831653e-18 4.533606e-03 0.000000e+00
-5.660000e+00 5.897145e-03 6.837599e-18 4.548727e-03 0.000000e+00
-5.640000e+00 5.889739e-03 9.525439e-19 4.563923e-03 0.000000e+00
-5.620000e+00 5.882515e-03 8.593657e-18 4.579195e-03 0.000000e+00
-5.600000e+00 5.875474e-03 -7.246164e-18 4.594542e-03 0.000000e+00
-5.580000e+00 5.868614e-03 1.033675e-17 4.609966e-03 0.000000e+00
-5.560000e+00 5.861935e-03 3.809167e-18 4.625468e-03 0.000000e+00
-5.540000e+00 5.855437e-03 4.908910e-18 4.641046e-03 0.000000e+00
-5.520000e+00 5.849119e-03 7.024194e-18 4.656703e-03 0.000000e+00
-5.500000e+00 5.842981e-03 6.695129e-18 4.672439e-03 0.000000e+00
-5.480000e+00 5.837021e-03 -1.669334e-18 4.688253e-03 0.000000e+00
-5.460000e+00 5.831241e-03 8.734402e-18 4.704147e-03 0.000000e+00
-5.440000e+00 5.825639e-03 6.525116e-18 4.720121e-03 0.000000e+00
-5.420000e+00 5.820215e-03 8.755245e-18 4.736176e-03 0.000000e+00
-5.400000e+00 5.814969e-03 4.266636e-18 4.752312e-03 0.000000e+00
-5.380000e+00 5.809900e-03 1.995092e-18 4.768530e-03 0.000000e+00
-5.360000e+00 5.805009e-03 2.019519e-18 4.784830e-03 0.000000e+00
-5.340000e+00 5.800294e-03 -1.832369e-18 4.801213e-03 0.000000e+00
-5.320000e+00 5.795756e-03 2.701099e-18 4.817680e-03 0.000000e+00
-5.300000e+00 5.791395e-03 4.413654e-18 4.834230e-03 0.000000e+00
-5.280000e+00 5.787209e-03 -2.895764e-19 4.850865e-03 0.000000e+00
-5.260000e+00 5.783200e-03 1.472078e-17 4.867585e-03 0.000000e+00
-5.240000e+00 5.779367e-03 -9.845473e-18 4.884391e-03 0.000000e+00
-5.220000e+00 5.775709e-03 1.091019e-18 4.901283e-03 0.000000e+00
-5.200000e+00 5.772227e-03 -6.593762e-19 4.918262e-03 0.000000e+00
-5.180000e+00 5.768921e-03 7.317144e-18 4.935328e-03 0.000000e+00
-5.160000e+00 5.765791e-03 4.344404e-18 4.952482e-03 0.000000e+00
-5.140000e+00 5.762835e-03 9.104474e-19 4.969725e-03 0.000000e+00
-5.120000e+00 5.760056e-03 -3.069986e-19 4.987057e-03 0.000000e+00
-5.100000e+00 5.757452e-03 1.828780e-18 5.004479e-03 0.000000e+00
-5.080000e+00 5.755023e-03 3.950288e-19 5.021991e-03 0.000000e+00
-5.060000e+00 5.752771e-03 -6.582406e-18 5.039595e-03 0.000000e+00
-5.040000e+00 5.750694e-03 -2.077892e-18 5.057290e-03 0.000000e+00
-5.020000e+00 5.748792e-03 7.298687e-18 5.075078e-03 0.000000e+00
-5.000000e+00 5.747067e-03 2.114919e-19 5.092958e-03 0.000000e+00
-4.980000e+00 5.745518e-03 -3.268222e-18 5.110932e-03 0.000000e+00
-4.960000e+00 5.744146e-03 -4.131848e-18 5.129001e-03 0.000000e+00
-4.940000e+00 5.742950e-03 3.980950e-18 5.147164e-03 0.000000e+00
-4.920000e+00 5.741931e-03 -8.885845e-18 5.165423e-03 0.000000e+00
-4.900000e+00 5.741089e-03 -2.317180e-18 5.183778e-03 0.000000e+00
-4.880000e+00 5.740424e-03 -1.290728e-18 5.202230e-03 0.000000e+00
-4.860000e+00 5.739938e-03 2.596013e-18 5.220780e-03 0.000000e+00
-4.840000e+00 5.739629e-03 5.356183e-21 5.239427e-03 0.000000e+00
-4.820000e+00 5.739499e-03 -2.747547e-18 5.258174e-03 0.000000e+00
-4.800000e+00 5.739548e-03 -4.736682e-18 5.277021e-03 0.000000e+00
-4.780000e+00 5.739776e-03 6.593136e-18 5.295967e-03 0.000000e+00
-4.760000e+00 5.740184e-03 -1.425697e-19 5.315015e-03 0.000000e+00
-4.740000e+00 5.740773e-03 -1.165808e-18 5.334165e-03 0.000000e+00
-4.720000e+00 5.741542e-03 -1.610088e-18 5.353417e-03 0.000000e+00
-4.700000e+00 5.742492e-03 3.181856e-18 5.372772e-03 0.000000e+00
-4.680000e+00 5.743625e-03 -3.812991e-18 5.392231e-03 0.000000e+00
-4.660000e+00 5.744940e-03 -1.979908e-18 5.411795e-03 0.000000e+00
-4.640000e+00 5.746439e-03 4.599114e-18 5.431464e-03 0.000000e+00
-4.620000e+00 5.748122e-03 7.834116e-18 5.451240e-03 0.000000e+00
-4.600000e+00 5.749989e-03 1.571381e-18 5.471122e-03 0.000000e+00
-4.580000e+00 5.752041e-03 -6.491126e-18 5.491112e-03 0.000000e+00
-4.560000e+00 5.754280e-03 -4.014669e-18 5.511211e-03 0.000000e+00
-4.540000e+00 5.756706e-03 -1.414230e-18 5.531418e-03 0.000000e+00
-4.520000e+00 5.759320e-03 -6.998928e-18 5.551736e-03 0.000000e+00
-4.500000e+00 5.762122e-03 5.590362e-19 5.572164e-03 0.000000e+00
-4.480000e+00 5.765114e-03 -7.220414e-18 5.592704e-03 0.000000e+00
-4.460000e+00 5.768297e-03 1.210898e-17 5.613357e-03 0.000000e+00
-4.440000e+00 5.771671e-03 -9.943290e-18 5.634122e-03 0.000000e+00
-4.420000e+00 5.775238e-03 -4.715676e-18 5.655002e-03 0.000000e+00
-4.400000e+00 5.778999e-03 -6.075923e-19 5.675997e-03 0.000000e+00
-4.380000e+00 5.782955e-03 -1.554209e-18 5.697107e-03 0.000000e+00
-4.360000e+00 5.787106e-03 -2.041735e-18 5.718333e-03 0.000000e+00
-4.340000e+00 5.791455e-03 -7.001043e-18 5.739677e-03 0.000000e+00
-4.320000e+00 5.796002e-03 -1.944915e-18 5.761140e-03 0.000000e+00
-4.300000e+00 5.800749e-03 7.025103e-18 5.782721e-03 0.000000e+00
-4.280000e+00 5.805697e-03 -4.999969e-18 5.804422e-03 0.000000e+00
-4.260000e+00 5.810847e-03 -7.020199e-19 5.826245e-03 0.000000e+00
-4.240000e+00 5.816201e-03 3.190045e-19 5.848189e-03 0.000000e+00
-4.220000e+00 5.821760e-03 6.546580e-18 5.870255e-03 0.000000e+00
-4.200000e+00 5.827526e-03 -1.558097e-18 5.892445e-03 0.000000e+00
-4.180000e+00 5.833500e-03 -6.004176e-18 5.914760e-03 0.000000e+00
-4.160000e+00 5.839684e-03 -1.115064e-17 5.937199e-03 0.000000e+00
-4.140000e+00 5.846080e-03 3.059409e-18 5.959766e-03 0.000000e+00
-4.120000e+00 5.852688e-03 -1.188783e-17 5.982459e-03 0.000000e+00
-4.100000e+00 5.859512e-03 -3.517485e-18 6.005280e-03 0.000000e+00
-4.080000e+00 5.866552e-03 -1.013611e-19 6.028231e-03 0.000000e+00
-4.060000e+00 5.873811e-03 4.353651e-18 6.051312e-03 0.000000e+00
-4.040000e+00 5.881290e-03 8.151741e-19 6.074523e-03 0.000000e+00
-4.020000e+00 5.888992e-03 -8.676139e-18 6.097867e-03 0.000000e+00
-4.000000e+00 5.896919e-03 -1.355299e-18 6.121344e-03 0.000000e+00
-3.980000e+00 5.905072e-03 8.027638e-18 6.144955e-03 0.000000e+00
-3.960000e+00 5.913453e-03 3.464043e-18 6.168701e-03 0.000000e+00
-3.940000e+00 5.922066e-03 -8.763965e-18 6.192582e-03 0.000000e+00
-3.920000e+00 5.930911e-03 -2.965018e-18 6.216601e-03 0.000000e+00
-3.900000e+00 5.939993e-03 -2.156660e-18 6.240758e-03 0.000000e+00
-3.880000e+00 5.949312e-03 -2.070349e-18 6.265055e-03 0.000000e+00
-3.860000e+00 5.958871e-03 -1.307957e-17 6.289491e-03 0.000000e+00
-3.840000e+00 5.968674e-03 2.305925e-18 6.314069e-03 0.000000e+00
-3.820000e+00 5.978722e-03 2.888003e-18 6.338789e-03 0.000000e+00
-3.800000e+00 5.989018e-03 -3.476973e-19 6.363652e-03 0.000000e+00
-3.780000e+00 5.999565e-03 5.401889e-19 6.388660e-03 0.000000e+00
-3.760000e+00 6.010366e-03 -2.688706e-18 6.413814e-03 0.000000e+00
-3.740000e+00 6.021424e-03 9.048618e-19 6.439114e-03 0.000000e+00
-3.720000e+00 6.032741e-03 -8.091781e-18 6.464563e-03 0.000000e+00
-3.700000e+00 6.044322e-03 -3.466506e-18 6.490160e-03 0.000000e+00
-3.680000e+00 6.056168e-03 -4.080479e-19 6.515907e-03 0.000000e+00
-3.660000e+00 6.068283e-03 1.329253e-17 6.541806e-03 0.000000e+00
-3.640000e+00 6.080671e-03 -3.338414e-18 6.567857e-03 0.000000e+00
-3.620000e+00 6.093335e-03 -3.460410e-18 6.594062e-03 0.000000e+00
-3.600000e+00 6.106278e-03 -4.850896e-18 6.620422e-03 0.000000e+00
-3.580000e+00 6.119504e-03 -1.254566e-18 6.646938e-03 0.000000e+00
-3.560000e+00 6.133017e-03 2.490341e-19 6.673611e-03 0.000000e+00
-3.540000e+00 6.146820e-03 -4.643302e-18 6.700443e-03 0.000000e+00
-3.520000e+00 6.160917e-03 9.173627e-19 6.727434e-03 0.000000e+00
-3.500000e+00 6.175313e-03 5.461394e-18 6.754586e-03 0.000000e+00
-3.480000e+00 6.190011e-03 -7.370068e-18 6.781901e-03 0.000000e+00
-3.460000e+00 6.205016e-03 -3.954842e-18 6.809379e-03 0.000000e+00
-3.440000e+00 6.220332e-03 -9.235120e-18 6.837022e-03 0.000000e+00
-3.420000e+00 6.235962e-03 4.666405e-18 6.864832e-03 0.000000e+00
-3.400000e+00 6.251913e-03 -7.176848e-18 6.892808e-03 0.000000e+00
-3.380000e+00 6.268188e-03 -1.239915e-17 6.920954e-03 0.000000e+00
-3.360000e+00 6.284791e-03 -8.597941e-18 6.949269e-03 0.000000e+00
-3.340000e+00 6.301729e-03 2.296599e-18 6.977756e-03 0.000000e+00
-3.320000e+00 6.319005e-03 -9.122528e-18 7.006416e-03 0.000000e+00
-3.300000e+00 6.336626e-03 -8.839861e-18 7.035250e-03 0.000000e+00
-3.280000e+00 6.354595e-03 -2.253520e-18 7.064260e-03 0.000000e+00
-3.260000e+00 6.372918e-03 2.107345e-19 7.093446e-03 0.000000e+00
-3.240000e+00 6.391601e-03 1.626339e-18 7.122811e-03 0.000000e+00
-3.220000e+00 6.410648e-03 -1.309069e-17 7.152356e-03 0.000000e+00
-3.200000e+00 6.430067e-03 1.476669e-18 7.182082e-03 0.000000e+00
-3.180000e+00 6.449861e-03 6.400275e-18 7.211991e-03 0.000000e+00
-3.160000e+00 6.470038e-03 -5.156819e-18 7.242084e-03 0.000000e+00
-3.140000e+00 6.490603e-03 -6.743722e-18 7.272363e-03 0.000000e+00
-3.120000e+00 6.511562e-03 -1.804953e-18 7.302829e-03 0.000000e+00
-3.100000e+00 6.532921e-03 -6.707593e-18 7.333484e-03 0.000000e+00
-3.080000e+00 6.554686e-03 -7.117946e-18 7.364329e-03 0.000000e+00
-3.060000e+00 6.576864e-03 -1.239622e-17 7.395367e-03 0.000000e+00
-3.040000e+00 6.599461e-03 7.587696e-18 7.426597e-03 0.000000e+00
-3.020000e+00 6.622484e-03 1.610104e-19 7.458022e-03 0.000000e+00
-3.000000e+00 6.645939e-03 -1.151007e-18 7.489644e-03 0.000000e+00
-2.980000e+00 6.669832e-03 -7.832296e-18 7.521465e-03 0.000000e+00
-2.960000e+00 6.694171e-03 -7.782265e-18 7.553485e-03 0.000000e+00
-2.940000e+00 6.718963e-03 4.278142e-19 7.585706e-03 0.000000e+00
-2.920000e+00 6.744213e-03 -6.096467e-18 7.618131e-03 0.000000e+00
-2.900000e+00 6.769929e-03 4.863917e-18 7.650760e-03 0.000000e+00
-2.880000e+00 6.796118e-03 -3.716537e-18 7.683596e-03 0.000000e+00
-2.860000e+00 6.822786e-03 7.019201e-18 7.716641e-03 0.000000e+00
-2.840000e+00 6.849941e-03 -8.005939e-18 7.749895e-03 0.000000e+00
-2.820000e+00 6.877589e-03 -1.210064e-17 7.783361e-03 0.000000e+00
-2.800000e+00 6.905737e-03 -3.139736e-18 7.817040e-03 0.000000e+00
-2.780000e+00 6.934391e-03 2.280181e-18 7.850935e-03 0.000000e+00
-2.760000e+00 6.963560e-03 -6.713152e-18 7.885047e-03 0.000000e+00
-2.740000e+00 6.993248e-03 5.731501e-18 7.919378e-03 0.000000e+00
-2.720000e+00 7.023462e-03 -6.753383e-20 7.953929e-03 0.000000e+00
-2.700000e+00 7.054210e-03 5.894447e-18 7.988703e-03 0.000000e+00
-2.680000e+00 7.085496e-03 -3.600270e-18 8.023702e-03 0.000000e+00
-2.660000e+00 7.117327e-03 -7.218993e-19 8.058927e-03 0.000000e+00
-2.640000e+00 7.149709e-03 -6.268528e-18 8.094380e-03 0.000000e+00
-2.620000e+00 7.182646e-03 6.609632e-18 8.130064e-03 0.000000e+00
-2.600000e+00 7.216145e-03 -4.395100e-18 8.165980e-03 0.000000e+00
-2.580000e+00 7.250211e-03 -1.163488e-17 8.202130e-03 0.000000e+00
-2.560000e+00 7.284846e-03 5.519784e-18 8.238516e-03 0.000000e+00
-2.540000e+00 7.320057e-03 -1.355856e-18 8.275140e-03 0.000000e+00
-2.520000e+00 7.355846e-03 -6.017442e-18 8.312005e-03 0.000000e+00
-2.500000e+00 7.392217e-03 -9.842749e-18 8.349112e-03 0.000000e+00
-2.480000e+00 7.429173e-03 1.306526e-18 8.386463e-03 0.000000e+00
-2.460000e+00 7.466716e-03 1.179585e-17 8.424061e-03 0.000000e+00
-2.440000e+00 7.504848e-03 1.066158e-17 8.461908e-03 0.000000e+00
-2.420000e+00 7.543570e-03 -1.480799e-17 8.500005e-03 0.000000e+00
-2.400000e+00 7.582883e-03 4.163091e-19 8.538355e-03 0.000000e+00
-2.380000e+00 7.622786e-03 9.494732e-18 8.576961e-03 0.000000e+00
-2.360000e+00 7.663280e-03 -6.233817e-18 8.615824e-03 0.000000e+00
-2.340000e+00 7.704364e-03 -9.957938e-18 8.654946e-03 0.000000e+00
-2.320000e+00 7.746034e-03 1.533873e-18 8.694331e-03 0.000000e+00
-2.300000e+00 7.788289e-03 3.234228e-18 8.733980e-03 0.000000e+00
-2.280000e+00 7.831126e-03 1.834728e-19 8.773895e-03 0.000000e+00
-2.260000e+00 7.874540e-03 -1.053746e-17 8.814079e-03 0.000000e+00
-2.240000e+00 7.918527e-03 1.032662e-17 8.854534e-03 0.000000e+00
-2.220000e+00 7.963082e-03 2.732946e-18 8.895263e-03 0.000000e+00
-2.200000e+00 8.008198e-03 1.490950e-18 8.936269e-03 0.000000e+00
-2.180000e+00 8.053869e-03 -7.321050e-18 8.977552e-03 0.000000e+00
-2.160000e+00 8.100088e-03 -1.520309e-18 9.019117e-03 0.000000e+00
-2.140000e+00 8.146848e-03 7.532078e-20 9.060965e-03 0.000000e+00
-2.120000e+00 8.194139e-03 -2.844364e-18 9.103099e-03 0.000000e+00
-2.100000e+00 8.241953e-03 -7.053645e-19 9.145522e-03 0.000000e+00
-2.080000e+00 8.290282e-03 3.153068e-18 9.188236e-03 0.000000e+00
-2.060000e+00 8.339114e-03 6.582248e-18 9.231243e-03 0.000000e+00
-2.040000e+00 8.388441e-03 -1.216538e-17 9.274547e-03 0.000000e+00
-2.020000e+00 8.438252e-03 -7.901955e-18 9.318151e-03 0.000000e+00
-2.000000e+00 8.488536e-03 -7.874605e-18 9.362055e-03 0.000000e+00
-1.980000e+00 8.539283e-03 -6.039183e-18 9.406265e-03 0.000000e+00
-1.960000e+00 8.590482e-03 -4.963087e-18 9.450782e-03 0.000000e+00
-1.940000e+00 8.642123e-03 -1.945066e-18 9.495608e-03 0.000000e+00
-1.920000e+00 8.694195e-03 -3.124838e-18 9.540748e-03 0.000000e+00
-1.900000e+00 8.746686e-03 8.159169e-18 9.586203e-03 0.000000e+00
-1.880000e+00 8.799588e-03 -3.807695e-18 9.631977e-03 0.000000e+00
-1.860000e+00 8.852889e-03 -2.121966e-18 9.678073e-03 0.000000e+00
-1.840000e+00 8.906580e-03 -9.119686e-19 9.724493e-03 0.000000e+00
-1.820000e+00 8.960651e-03 -9.914620e-19 9.771241e-03 0.000000e+00
-1.800000e+00 9.015093e-03 -5.127904e-18 9.818319e-03 0.000000e+00
-1.780000e+00 9.069897e-03 -1.495269e-17 9.865730e-03 0.000000e+00
-1.760000e+00 9.125055e-03 -1.236374e-18 9.913478e-03 0.000000e+00
-1.740000e+00 9.180559e-03 -3.369431e-18 9.961566e-03 0.000000e+00
-1.720000e+00 9.236402e-03 4.794483e-21 1.001000e-02 0.000000e+00
-1.700000e+00 9.292578e-03 -1.338817e-17 1.005877e-02 0.000000e+00
-1.680000e+00 9.349079e-03 -3.978026e-19 1.010790e-02 0.000000e+00
-1.660000e+00 9.405901e-03 3.007594e-18 1.015738e-02 0.000000e+00
-1.640000e+00 9.463039e-03 5.675055e-18 1.020721e-02 0.000000e+00
-1.620000e+00 9.520487e-03 -1.501663e-17 1.025741e-02 0.000000e+00
-1.600000e+00 9.578244e-03 7.954586e-18 1.030796e-02 0.000000e+00
-1.580000e+00 9.636305e-03 3.005587e-18 1.035888e-02 0.000000e+00
-1.560000e+00 9.694667e-03 -5.559388e-18 1.041018e-02 0.000000e+00
-1.540000e+00 9.753330e-03 -5.453862e-18 1.046184e-02 0.000000e+00
-1.520000e+00 9.812290e-03 -1.350144e-18 1.051388e-02 0.000000e+00
-1.500000e+00 9.871549e-03 -4.098199e-18 1.056630e-02 0.000000e+00
-1.480000e+00 9.931105e-03 -6.693177e-18 1.061911e-02 0.000000e+00
-1.460000e+00 9.990958e-03 -1.079731e-17 1.067230e-02 0.000000e+00
-1.440000e+00 1.005111e-02 5.120978e-18 1.072588e-02 0.000000e+00
-1.420000e+00 1.011156e-02 -3.284677e-18 1.077986e-02 0.000000e+00
-1.400000e+00 1.017231e-02 -1.222966e-17 1.083424e-02 0.000000e+00
-1.380000e+00 1.023336e-02 -5.633603e-18 1.088902e-02 0.000000e+00
-1.360000e+00 1.029472e-02 -7.008021e-19 1.094420e-02 0.000000e+00
-1.340000e+00 1.035639e-02 2.526100e-18 1.099980e-02 0.000000e+00
-1.320000e+00 1.041837e-02 -1.038887e-17 1.105580e-02 0.000000e+00
-1.300000e+00 1.048066e-02 -7.682100e-18 1.111223e-02 0.000000e+00
-1.280000e+00 1.054327e-02 1.899332e-19 1.116908e-02 0.000000e+00
-1.260000e+00 1.060620e-02 -2.622871e-18 1.122636e-02 0.000000e+00
-1.240000e+00 1.066946e-02 -1.234861e-17 1.128406e-02 0.000000e+00
-1.220000e+00 1.073306e-02 -3.932823e-18 1.134220e-02 0.000000e+00
-1.200000e+00 1.079698e-02 -9.613423e-18 1.140078e-02 0.000000e+00
-1.180000e+00 1.086125e-02 -4.986058e-18 1.145981e-02 0.000000e+00
-1.160000e+00 1.092587e-02 -5.741898e-18 1.151928e-02 0.000000e+00
-1.140000e+00 1.099084e-02 6.264863e-18 1.157920e-02 0.000000e+00
-1.120000e+00 1.105616e-02 -1.436962e-18 1.163958e-02 0.000000e+00
-1.100000e+00 1.112185e-02 3.326033e-18 1.170042e-02 0.000000e+00
-1.080000e+00 1.118791e-02 -8.777365e-18 1.176172e-02 0.000000e+00
-1.060000e+00 1.125434e-02 -3.198087e-18 1.182350e-02 0.000000e+00
-1.040000e+00 1.132115e-02 -1.413206e-18 1.188575e-02 0.000000e+00
-1.020000e+00 1.138836e-02 -2.937118e-18 1.194848e-02 0.000000e+00
-1.000000e+00 1.145595e-02 -3.670148e-18 1.201169e-02 0.000000e+00
-9.800000e-01 1.152395e-02 -1.511008e-17 1.207540e-02 0.000000e+00
-9.600000e-01 1.159236e-02 3.138521e-18 1.213959e-02 0.000000e+00
-9.400000e-01 1.166118e-02 -8.287742e-18 1.220429e-02 0.000000e+00
-9.200000e-01 1.173042e-02 -6.100912e-18 1.226949e-02 0.000000e+00
-9.000000e-01 1.180008e-02 -1.610293e-17 1.233520e-02 0.000000e+00
-8.800000e-01 1.187018e-02 -1.321516e-18 1.240143e-02 0.000000e+00
-8.600000e-01 1.194073e-02 -4.897527e-20 1.246817e-02 0.000000e+00
-8.400000e-01 1.201172e-02 -1.081184e-19 1.253544e-02 0.000000e+00
-8.200000e-01 1.208317e-02 -5.831909e-18 1.260324e-02 0.000000e+00
-8.000000e-01 1.215508e-02 -1.580503e-19 1.267157e-02 0.000000e+00
-7.800000e-01 1.222746e-02 6.313338e-18 1.274045e-02 0.000000e+00
-7.600000e-01 1.230031e-02 -1.382362e-17 1.280987e-02 0.000000e+00
-7.400000e-01 1.237365e-02 -1.227080e-17 1.287984e-02 0.000000e+00
-7.200000e-01 1.244749e-02 1.420526e-18 1.295038e-02 0.000000e+00
-7.000000e-01 1.252182e-02 -1.185447e-17 1.302147e-02 0.000000e+00
-6.800000e-01 1.259666e-02 -4.113372e-18 1.309314e-02 0.000000e+00
-6.600000e-01 1.267201e-02 -3.005864e-18 1.316538e-02 0.000000e+00
-6.400000e-01 1.274788e-02 8.765832e-18 1.323820e-02 0.000000e+00
-6.200000e-01 1.282429e-02 -5.508232e-18 1.331161e-02 0.000000e+00
-6.000000e-01 1.290122e-02 -9.635893e-18 1.338561e-02 0.000000e+00
-5.800000e-01 1.297871e-02 -6.011051e-20 1.346022e-02 0.000000e+00
-5.600000e-01 1.305674e-02 -3.245500e-18 1.353543e-02 0.000000e+00
-5.400000e-01 1.313534e-02 7.527756e-18 1.361125e-02 0.000000e+00
-5.200000e-01 1.321450e-02 -3.538305e-18 1.368769e-02 0.000000e+00
-5.000000e-01 1.329424e-02 2.261250e-18 1.376475e-02 0.000000e+00
-4.800000e-01 1.337456e-02 -2.922167e-18 1.384245e-02 0.000000e+00
-4.600000e-01 1.345547e-02 -4.010066e-18 1.392079e-02 0.000000e+00
-4.400000e-01 1.353698e-02 -1.226002e-17 1.399977e-02 0.000000e+00
-4.200000e-01 1.361910e-02 -7.767732e-18 1.407940e-02 0.000000e+00
-4.000000e-01 1.370183e-02 -4.873296e-18 1.415969e-02 0.000000e+00
-3.800000e-01 1.378519e-02 9.687885e-19 1.424065e-02 0.000000e+00
-3.600000e-01 1.386918e-02 5.532998e-18 1.432228e-02 0.000000e+00
-3.400000e-01 1.395381e-02 9.358347e-18 1.440460e-02 0.000000e+00
-3.200000e-01 1.403909e-02 1.797669e-18 1.448760e-02 0.000000e+00
-3.000000e-01 1.412502e-02 4.561469e-18 1.457129e-02 0.000000e+00
-2.800000e-01 1.421162e-02 -1.788980e-18 1.465569e-02 0.000000e+00
-2.600000e-01 1.429889e-02 4.282518e-18 1.474080e-02 0.000000e+00
-2.400000e-01 1.438685e-02 1.106654e-17 1.482663e-02 0.000000e+00
-2.200000e-01 1.447550e-02 9.505536e-19 1.491318e-02 0.000000e+00
-2.000000e-01 1.456484e-02 -2.729641e-18 1.500047e-02 0.000000e+00
-1.800000e-01 1.465490e-02 -3.664197e-18 1.508849e-02 0.000000e+00
-1.600000e-01 1.474567e-02 2.412379e-18 1.517727e-02 0.000000e+00
-1.400000e-01 1.483717e-02 9.705173e-19 1.526681e-02 0.000000e+00
-1.200000e-01 1.492941e-02 -8.596624e-18 1.535711e-02 0.000000e+00
-1.000000e-01 1.502239e-02 -1.457355e-17 1.544819e-02 0.000000e+00
-8.000000e-02 1.511613e-02 -1.974499e-18 1.554005e-02 0.000000e+00
-6.000000e-02 1.521062e-02 -2.782599e-18 1.563270e-02 0.000000e+00
-4.000000e-02 1.530590e-02 1.045513e-17 1.572615e-02 0.000000e+00
-2.000000e-02 1.540195e-02 1.870162e-18 1.582041e-02 0.000000e+00
0.000000e+00 1.549541e-02 3.485370e-18 1.591549e-02 0.000000e+00
2.000000e-02 1.558969e-02 5.713435e-18 1.601140e-02 0.000000e+00
4.000000e-02 1.568480e-02 -3.065265e-18 1.610815e-02 0.000000e+00
6.000000e-02 1.578074e-02 1.897813e-18 1.620574e-02 0.000000e+00
8.000000e-02 1.587752e-02 6.858388e-18 1.630419e-02 0.000000e+00
1.000000e-01 1.597516e-02 7.804761e-19 1.640350e-02 0.000000e+00
1.200000e-01 1.607367e-02 -1.210169e-18 1.650369e-02 0.000000e+00
1.400000e-01 1.617305e-02 4.833476e-18 1.660476e-02 0.000000e+00
1.600000e-01 1.627331e-02 1.007150e-17 1.670672e-02 0.000000e+00
1.800000e-01 1.637446e-02 9.085211e-18 1.680960e-02 0.000000e+00
2.000000e-01 1.647652e-02 -4.266245e-18 1.691338e-02 0.000000e+00
2.200000e-01 1.657950e-02 3.861434e-18 1.701810e-02 0.000000e+00
2.400000e-01 1.668340e-02 4.478434e-18 1.712375e-02 0.000000e+00
2.600000e-01 1.678823e-02 7.516948e-18 1.723034e-02 0.000000e+00
2.800000e-01 1.689402e-02 -1.672033e-18 1.733790e-02 0.000000e+00
3.000000e-01 1.700075e-02 7.240029e-18 1.744642e-02 0.000000e+00
3.200000e-01 1.710846e-02 1.120944e-18 1.755592e-02 0.000000e+00
3.400000e-01 1.721715e-02 -8.140023e-18 1.766641e-02 0.000000e+00
3.600000e-01 1.732682e-02 -7.533432e-18 1.777791e-02 0.000000e+00
3.800000e-01 1.743750e-02 -3.772097e-19 1.789042e-02 0.000000e+00
4.000000e-01 1.754919e-02 -5.404596e-19 1.800395e-02 0.000000e+00
4.200000e-01 1.766191e-02 5.967184e-18 1.811853e-02 0.000000e+00
4.400000e-01 1.777567e-02 7.819370e-18 1.823415e-02 0.000000e+00
4.600000e-01 1.789047e-02 1.102774e-17 1.835083e-02 0.000000e+00
4.800000e-01 1.800634e-02 3.604569e-18 1.846859e-02 0.000000e+00
5.000000e-01 1.812328e-02 9.033066e-18 1.858744e-02 0.000000e+00
5.200000e-01 1.824130e-02 1.065243e-18 1.870738e-02 0.000000e+00
5.400000e-01 1.836043e-02 9.314883e-18 1.882844e-02 0.000000e+00
5.600000e-01 1.848067e-02 1.320463e-17 1.895063e-02 0.000000e+00
5.800000e-01 1.860203e-02 2.477065e-18 1.907395e-02 0.000000e+00
6.000000e-01 1.872454e-02 -1.041436e-18 1.919842e-02 0.000000e+00
6.200000e-01 1.884819e-02 3.012315e-18 1.932407e-02 0.000000e+00
6.400000e-01 1.897302e-02 5.037470e-18 1.945089e-02 0.000000e+00
6.600000e-01 1.909902e-02 2.050534e-18 1.957890e-02 0.000000e+00
6.800000e-01 1.922622e-02 -4.026554e-18 1.970813e-02 0.000000e+00
7.000000e-01 1.935462e-02 -7.786477e-18 1.983857e-02 0.000000e+00
7.200000e-01 1.948425e-02 2.108761e-18 1.997025e-02 0.000000e+00
7.400000e-01 1.961512e-02 -2.941587e-18 2.010319e-02 0.000000e+00
7.600000e-01 1.974724e-02 1.048921e-17 2.023739e-02 0.000000e+00
7.800000e-01 1.988062e-02 5.493905e-18 2.037288e-02 0.000000e+00
8.000000e-01 2.001529e-02 4.000671e-18 2.050966e-02 0.000000e+00
8.200000e-01 2.015126e-02 9.458894e-18 2.064775e-02 0.000000e+00
8.400000e-01 2.028855e-02 2.186709e-18 2.078718e-02 0.000000e+00
8.600000e-01 2.042716e-02 3.133220e-18 2.092795e-02 0.000000e+00
8.800000e-01 2.056712e-02 5.948273e-18 2.107008e-02 0.000000e+00
9.000000e-01 2.070844e-02 -4.112589e-19 2.121359e-02 0.000000e+00
9.200000e-01 2.085114e-02 3.317984e-18 2.135849e-02 0.000000e+00
9.400000e-01 2.099524e-02 8.252536e-18 2.150481e-02 0.000000e+00
9.600000e-01 2.114075e-02 1.559159e-17 2.165256e-02 0.000000e+00
9.800000e-01 2.128770e-02 1.285437e-17 2.180175e-02 0.000000e+00
1.000000e+00 2.143609e-02 -5.527255e-18 2.195241e-02 0.000000e+00
1.020000e+00 2.158594e-02 1.078277e-17 2.210455e-02 0.000000e+00
1.040000e+00 2.173729e-02 2.068077e-18 2.225819e-02 0.000000e+00
1.060000e+00 2.189013e-02 1.124450e-17 2.241335e-02 0.000000e+00
1.080000e+00 2.204450e-02 -1.358656e-18 2.257005e-02 0.000000e+00
1.100000e+00 2.220040e-02 6.256833e-18 2.272830e-02 0.000000e+00
1.120000e+00 2.235787e-02 1.011941e-17 2.288814e-02 0.000000e+00
1.140000e+00 2.251692e-02 -4.412661e-18 2.304957e-02 0.000000e+00
1.160000e+00 2.267756e-02 -5.006938e-18 2.321261e-02 0.000000e+00
1.180000e+00 2.283982e-02 3.444209e-18 2.337729e-02 0.000000e+00
1.200000e+00 2.300372e-02 3.411650e-18 2.354363e-02 0.000000e+00
1.220000e+00 2.316928e-02 9.090769e-18 2.371165e-02 0.000000e+00
1.240000e+00 2.333653e-02 1.744861e-17 2.388136e-02 0.000000e+00
1.260000e+00 2.350547e-02 7.579035e-18 2.405280e-02 0.000000e+00
1.280000e+00 2.367613e-02 7.726455e-18 2.422597e-02 0.000000e+00
1.300000e+00 2.384854e-02 1.032862e-17 2.440091e-02 0.000000e+00
1.320000e+00 2.402272e-02 8.923539e-18 2.457764e-02 0.000000e+00
1.340000e+00 2.419869e-02 1.211137e-17 2.475617e-02 0.000000e+00
1.360000e+00 2.437647e-02 9.272893e-18 2.493654e-02 0.000000e+00
1.380000e+00 2.455608e-02 4.560499e-18 2.511875e-02 0.000000e+00
1.400000e+00 2.473755e-02 3.181061e-18 2.530285e-02 0.000000e+00
1.420000e+00 2.492091e-02 6.496148e-18 2.548885e-02 0.000000e+00
1.440000e+00 2.510617e-02 1.175251e-17 2.567678e-02 0.000000e+00
1.460000e+00 2.529336e-02 9.516965e-18 2.586666e-02 0.000000e+00
1.480000e+00 2.548250e-02 2.871441e-18 2.605851e-02 0.000000e+00
1.500000e+00 2.567363e-02 -1.188685e-18 2.625236e-02 0.000000e+00
1.520000e+00 2.586676e-02 8.808464e-18 2.644824e-02 0.000000e+00
1.540000e+00 2.606193e-02 -3.319848e-19 2.664618e-02 0.000000e+00
1.560000e+00 2.625915e-02 7.597633e-18 2.684619e-02 0.000000e+00
1.580000e+00 2.645845e-02 4.860132e-18 2.704831e-02 0.000000e+00
1.600000e+00 2.665987e-02 7.295882e-18 2.725256e-02 0.000000e+00
1.620000e+00 2.686342e-02 9.477749e-18 2.745897e-02 0.000000e+00
1.640000e+00 2.706915e-02 4.648482e-19 2.766757e-02 0.000000e+00
1.660000e+00 2.727706e-02 5.908471e-18 2.787839e-02 0.000000e+00
1.680000e+00 2.748720e-02 1.850933e-17 2.809145e-02 0.000000e+00
1.700000e+00 2.769959e-02 -3.541531e-18 2.830679e-02 0.000000e+00
1.720000e+00 2.791426e-02 1.087487e-17 2.852444e-02 0.000000e+00
1.740000e+00 2.813124e-02 1.244539e-17 2.874441e-02 0.000000e+00
1.760000e+00 2.835057e-02 1.592584e-17 2.896676e-02 0.000000e+00
1.780000e+00 2.857226e-02 1.800230e-17 2.919149e-02 0.000000e+00
1.800000e+00 2.879636e-02 2.927319e-19 2.941866e-02 0.000000e+00
1.820000e+00 2.902289e-02 1.587852e-17 2.964828e-02 0.000000e+00
1.840000e+00 2.925189e-02 7.173172e-18 2.988040e-02 0.000000e+00
1.860000e+00 2.948338e-02 1.199873e-17 3.011503e-02 0.000000e+00
1.880000e+00 2.971741e-02 2.532553e-18 3.035223e-02 0.000000e+00
1.900000e+00 2.995400e-02 1.297218e-17 3.059201e-02 0.000000e+00
1.920000e+00 3.019318e-02 9.500288e-18 3.083442e-02 0.000000e+00
1.940000e+00 3.043500e-02 -2.439395e-18 3.107949e-02 0.000000e+00
1.960000e+00 3.067949e-02 5.979314e-18 3.132725e-02 0.000000e+00
1.980000e+00 3.092668e-02 5.082826e-18 3.157774e-02 0.000000e+00
2.000000e+00 3.117660e-02 -3.314614e-18 3.183099e-02 0.000000e+00
2.020000e+00 3.142930e-02 1.069972e-17 3.208704e-02 0.000000e+00
2.040000e+00 3.168481e-02 4.156894e-18 3.234594e-02 0.000000e+00
2.060000e+00 3.194317e-02 2.076691e-18 3.260770e-02 0.000000e+00
2.080000e+00 3.220441e-02 2.454798e-18 3.287239e-02 0.000000e+00
2.100000e+00 3.246857e-02 9.121991e-18 3.314002e-02 0.000000e+00
2.120000e+00 3.273570e-02 2.791585e-18 3.341064e-02 0.000000e+00
2.140000e+00 3.300583e-02 1.311588e-17 3.368430e-02 0.000000e+00
2.160000e+00 3.327899e-02 2.628377e-18 3.396102e-02 0.000000e+00
2.180000e+00 3.355524e-02 -5.100510e-19 3.424086e-02 0.000000e+00
2.200000e+00 3.383461e-02 -1.587558e-18 3.452385e-02 0.000000e+00
2.220000e+00 3.411715e-02 9.405145e-18 3.481003e-02 0.000000e+00
2.240000e+00 3.440288e-02 3.323616e-18 3.509945e-02 0.000000e+00
2.260000e+00 3.469187e-02 6.231961e-18 3.539215e-02 0.000000e+00
2.280000e+00 3.498414e-02 2.044084e-18 3.568817e-02 0.000000e+00
2.300000e+00 3.527975e-02 5.928260e-18 3.598755e-02 0.000000e+00
2.320000e+00 3.557873e-02 8.360842e-20 3.629035e-02 0.000000e+00
2.340000e+00 3.588114e-02 -3.110276e-18 3.659660e-02 0.000000e+00
2.360000e+00 3.618702e-02 7.176111e-18 3.690635e-02 0.000000e+00
2.380000e+00 3.649641e-02 1.036085e-17 3.721965e-02 0.000000e+00
2.400000e+00 3.680935e-02 6.934942e-18 3.753654e-02 0.000000e+00
2.420000e+00 3.712591e-02 1.929120e-18 3.785708e-02 0.000000e+00
2.440000e+00 3.744612e-02 5.599883e-18 3.818130e-02 0.000000e+00
2.460000e+00 3.777003e-02 8.764344e-18 3.850927e-02 0.000000e+00
2.480000e+00 3.809769e-02 6.750192e-18 3.884102e-02 0.000000e+00
2.500000e+00 3.842915e-02 -2.597143e-18 3.917660e-02 0.000000e+00
2.520000e+00 3.876447e-02 9.257486e-19 3.951607e-02 0.000000e+00
2.540000e+00 3.910368e-02 3.902311e-18 3.985949e-02 0.000000e+00
2.560000e+00 3.944684e-02 1.067220e-17 4.020689e-02 0.000000e+00
2.580000e+00 3.979401e-02 4.277425e-18 4.055833e-02 0.000000e+00
2.600000e+00 4.014523e-02 9.688969e-19 4.091387e-02 0.000000e+00
2.620000e+00 4.050056e-02 1.620353e-17 4.127355e-02 0.000000e+00
2.640000e+00 4.086006e-02 1.819899e-18 4.163744e-02 0.000000e+00
2.660000e+00 4.122377e-02 9.125381e-18 4.200558e-02 0.000000e+00
2.680000e+00 4.159174e-02 1.280221e-18 4.237803e-02 0.000000e+00
2.700000e+00 4.196405e-02 9.280584e-19 4.275485e-02 0.000000e+00
2.720000e+00 4.234073e-02 6.789213e-18 4.313610e-02 0.000000e+00
2.740000e+00 4.272186e-02 -4.718983e-18 4.352182e-02 0.000000e+00
2.760000e+00 4.310747e-02 3.427469e-18 4.391208e-02 0.000000e+00
2.780000e+00 4.349764e-02 3.686102e-18 4.430694e-02 0.000000e+00
2.800000e+00 4.389242e-02 2.144369e-18 4.470644e-02 0.000000e+00
2.820000e+00 4.429187e-02 1.213135e-17 4.511067e-02 0.000000e+00
2.840000e+00 4.469604e-02 -3.468337e-18 4.551966e-02 0.000000e+00
2.860000e+00 4.510500e-02 5.374836e-18 4.593349e-02 0.000000e+00
2.880000e+00 4.551881e-02 3.227595e-18 4.635221e-02 0.000000e+00
2.900000e+00 4.593752e-02 2.935120e-18 4.677588e-02 0.000000e+00
2.920000e+00 4.636121e-02 -2.682748e-19 4.720457e-02 0.000000e+00
2.940000e+00 4.678992e-02 1.061817e-17 4.763834e-02 0.000000e+00
2.960000e+00 4.722372e-02 -8.703633e-18 4.807725e-02 0.000000e+00
2.980000e+00 4.766268e-02 -6.774447e-18 4.852137e-02 0.000000e+00
3.000000e+00 4.810686e-02 -3.491632e-18 4.897075e-02 0.000000e+00
3.020000e+00 4.855632e-02 7.072947e-18 4.942547e-02 0.000000e+00
3.040000e+00 4.901112e-02 7.738236e-18 4.988558e-02 0.000000e+00
3.060000e+00 4.947134e-02 2.459840e-18 5.035115e-02 0.000000e+00
3.080000e+00 4.993702e-02 1.414522e-18 5.082225e-02 0.000000e+00
3.100000e+00 5.040824e-02 1.433501e-17 5.129893e-02 0.000000e+00
3.120000e+00 5.088507e-02 -1.933919e-18 5.178128e-02 0.000000e+00
3.140000e+00 5.136756e-02 1.184356e-19 5.226935e-02 0.000000e+00
3.160000e+00 5.185579e-02 -7.108382e-18 5.276321e-02 0.000000e+00
3.180000e+00 5.234982e-02 -1.824940e-18 5.326292e-02 0.000000e+00
3.200000e+00 5.284971e-02 4.727792e-19 5.376856e-02 0.000000e+00
3.220000e+00 5.335553e-02 -5.309960e-18 5.428019e-02 0.000000e+00
3.240000e+00 5.386736e-02 -2.556632e-18 5.479787e-02 0.000000e+00
3.260000e+00 5.438524e-02 4.923051e-18 5.532168e-02 0.000000e+00
3.280000e+00 5.490926e-02 1.099488e-17 5.585168e-02 0.000000e+00
3.300000e+00 5.543947e-02 -3.338075e-18 5.638793e-02 0.000000e+00
3.320000e+00 5.597594e-02 6.731005e-18 5.693051e-02 0.000000e+00
3.340000e+00 5.651874e-02 -3.046771e-18 5.747948e-02 0.000000e+00
3.360000e+00 5.706793e-02 2.120643e-18 5.803491e-02 0.000000e+00
3.380000e+00 5.762359e-02 5.119831e-18 5.859686e-02 0.000000e+00
3.400000e+00 5.818576e-02 -1.904965e-18 5.916541e-02 0.000000e+00
3.420000e+00 5.875453e-02 4.971381e-18 5.974060e-02 0.000000e+00
3.440000e+00 5.932995e-02 4.737338e-18 6.032252e-02 0.000000e+00
3.460000e+00 5.991208e-02 2.866230e-18 6.091123e-02 0.000000e+00
3.480000e+00 6.050100e-02 -2.069743e-18 6.150678e-02 0.000000e+00
3.500000e+00 6.109675e-02 2.557425e-18 6.210925e-02 0.000000e+00
3.520000e+00 6.169941e-02 -6.464241e-19 6.271869e-02 0.000000e+00
3.540000e+00 6.230904e-02 -4.637713e-18 6.333517e-02 0.000000e+00
3.560000e+00 6.292569e-02 5.607466e-18 6.395875e-02 0.000000e+00
3.580000e+00 6.354942e-02 4.241373e-18 6.458948e-02 0.000000e+00
3.600000e+00 6.418030e-02 -1.424853e-18 6.522744e-02 0.000000e+00
3.620000e+00 6.481837e-02 1.020703e-17 6.587266e-02 0.000000e+00
3.640000e+00 6.546369e-02 3.422984e-18 6.652522e-02 0.000000e+00
3.660000e+00 6.611632e-02 5.070711e-18 6.718517e-02 0.000000e+00
3.680000e+00 6.677631e-02 -1.543650e-18 6.785255e-02 0.000000e+00
3.700000e+00 6.744371e-02 -4.329302e-19 6.852742e-02 0.000000e+00
3.720000e+00 6.811856e-02 1.222769e-18 6.920984e-02 0.000000e+00
3.740000e+00 6.880092e-02 1.369900e-17 6.989984e-02 0.000000e+00
3.760000e+00 6.949082e-02 -1.919541e-18 7.059747e-02 0.000000e+00
3.780000e+00 7.018831e-02 -3.468580e-18 7.130278e-02 0.000000e+00
3.800000e+00 7.089343e-02 -1.558037e-18 7.201581e-02 0.000000e+00
3.820000e+00 7.160622e-02 2.696294e-19 7.273659e-02 0.000000e+00
3.840000e+00 7.232671e-02 3.928538e-18 7.346517e-02 0.000000e+00
3.860000e+00 7.305493e-02 -1.101423e-18 7.420157e-02 0.000000e+00
3.880000e+00 7.379091e-02 9.570671e-18 7.494582e-02 0.000000e+00
3.900000e+00 7.453467e-02 1.354423e-17 7.569795e-02 0.000000e+00
3.920000e+00 7.528624e-02 4.864971e-19 7.645799e-02 0.000000e+00
3.940000e+00 7.604563e-02 -3.450380e-20 7.722594e-02 0.000000e+00
3.960000e+00 7.681286e-02 -2.173269e-19 7.800183e-02 0.000000e+00
3.980000e+00 7.758793e-02 5.656146e-18 7.878568e-02 0.000000e+00
4.000000e+00 7.837086e-02 6.253066e-18 7.957747e-02 0.000000e+00
4.020000e+00 7.916164e-02 -6.796814e-18 8.037722e-02 0.000000e+00
4.040000e+00 7.996026e-02 1.885340e-18 8.118493e-02 0.000000e+00
4.060000e+00 8.076673e-02 5.803534e-18 8.200059e-02 0.000000e+00
4.080000e+00 8.158102e-02 3.878076e-18 8.282418e-02 0.000000e+00
4.100000e+00 8.240312e-02 -7.997957e-18 8.365569e-02 0.000000e+00
4.120000e+00 8.323299e-02 2.746834e-18 8.449509e-02 0.000000e+00
4.140000e+00 8.407062e-02 -3.028207e-19 8.534235e-02 0.000000e+00
4.160000e+00 8.491595e-02 8.295150e-18 8.619743e-02 0.000000e+00
4.180000e+00 8.576894e-02 -3.490684e-18 8.706030e-02 0.000000e+00
4.200000e+00 8.662955e-02 5.752331e-18 8.793091e-02 0.000000e+00
4.220000e+00 8.749770e-02 9.035340e-18 8.880919e-02 0.000000e+00
4.240000e+00 8.837335e-02 -3.640655e-18 8.969508e-02 0.000000e+00
4.260000e+00 8.925640e-02 1.015469e-17 9.058850e-02 0.000000e+00
4.280000e+00 9.014678e-02 -4.491746e-18 9.148939e-02 0.000000e+00
4.300000e+00 9.104440e-02 -1.361552e-18 9.239764e-02 0.000000e+00
4.320000e+00 9.194916e-02 -5.596355e-18 9.331317e-02 0.000000e+00
4.340000e+00 9.286095e-02 -9.174757e-18 9.423586e-02 0.000000e+00
4.360000e+00 9.377964e-02 7.581927e-18 9.516560e-02 0.000000e+00
4.380000e+00 9.470511e-02 9.220324e-18 9.610225e-02 0.000000e+00
4.400000e+00 9.563723e-02 3.449103e-19 9.704570e-02 0.000000e+00
4.420000e+00 9.657584e-02 4.182568e-18 9.799578e-02 0.000000e+00
4.440000e+00 9.752078e-02 4.067380e-18 9.895234e-02 0.000000e+00
4.460000e+00 9.847188e-02 -2.195295e-18 9.991521e-02 0.000000e+00
4.480000e+00 9.942896e-02 6.110860e-19 1.008842e-01 0.000000e+00
4.500000e+00 1.003918e-01 -2.506399e-18 1.018592e-01 0.000000e+00
4.520000e+00 1.013603e-01 6.549396e-18 1.028398e-01 0.000000e+00
4.540000e+00 1.023341e-01 1.437761e-17 1.038260e-01 0.000000e+00
4.560000e+00 1.033130e-01 7.038405e-19 1.048175e-01 0.000000e+00
4.580000e+00 1.042968e-01 -2.035747e-18 1.058141e-01 0.000000e+00
4.600000e+00 1.052852e-01 5.710015e-19 1.068154e-01 0.000000e+00
4.620000e+00 1.062780e-01 3.829706e-18 1.078212e-01 0.000000e+00
4.640000e+00 1.072748e-01 -3.030380e-19 1.088313e-01 0.000000e+00
4.660000e+00 1.082754e-01 -3.524939e-19 1.098454e-01 0.000000e+00
4.680000e+00 1.092794e-01 5.711369e-18 1.108630e-01 0.000000e+00
4.700000e+00 1.102866e-01 1.312946e-17 1.118840e-01 0.000000e+00
4.720000e+00 1.112965e-01 2.356223e-19 1.129079e-01 0.000000e+00
4.740000e+00 1.123088e-01 4.404600e-18 1.139344e-01 0.000000e+00
4.760000e+00 1.133231e-01 1.480962e-18 1.149631e-01 0.000000e+00
4.780000e+00 1.143391e-01 2.453126e-18 1.159937e-01 0.000000e+00
4.800000e+00 1.153563e-01 6.033831e-18 1.170257e-01 0.000000e+00
4.820000e+00 1.163743e-01 -9.300752e-18 1.180587e-01 0.000000e+00
4.840000e+00 1.173927e-01 3.226421e-18 1.190923e-01 0.000000e+00
4.860000e+00 1.184110e-01 7.976560e-18 1.201260e-01 0.000000e+00
4.880000e+00 1.194287e-01 2.959748e-19 1.211594e-01 0.000000e+00
4.900000e+00 1.204453e-01 3.495617e-18 1.221919e-01 0.000000e+00
4.920000e+00 1.214604e-01 8.107979e-18 1.232231e-01 0.000000e+00
4.940000e+00 1.224734e-01 -5.692074e-19 1.242524e-01 0.000000e+00
4.960000e+00 1.234838e-01 -2.596168e-19 1.252794e-01 0.000000e+00
4.980000e+00 1.244910e-01 -8.061002e-18 1.263034e-01 0.000000e+00
5.000000e+00 1.254945e-01 8.510468e-18 1.273240e-01 0.000000e+00
5.020000e+00 1.264936e-01 1.259699e-17 1.283404e-01 0.000000e+00
5.040000e+00 1.274878e-01 5.423326e-19 1.293522e-01 0.000000e+00
5.060000e+00 1.284765e-01 2.682216e-18 1.303587e-01 0.000000e+00
5.080000e+00 1.294590e-01 -1.589045e-18 1.313593e-01 0.000000e+00
5.100000e+00 1.304347e-01 -6.126852e-18 1.323534e-01 0.000000e+00
5.120000e+00 1.314029e-01 -5.287269e-18 1.333403e-01 0.000000e+00
5.140000e+00 1.323630e-01 -9.450624e-18 1.343193e-01 0.000000e+00
5.160000e+00 1.333143e-01 1.461289e-17 1.352898e-01 0.000000e+00
5.180000e+00 1.342560e-01 1.244220e-17 1.362511e-01 0.000000e+00
5.200000e+00 1.351876e-01 -5.644108e-18 1.372025e-01 0.000000e+00
5.220000e+00 1.361083e-01 7.173814e-19 1.381433e-01 0.000000e+00
5.240000e+00 1.370173e-01 -4.159102e-18 1.390728e-01 0.000000e+00
5.260000e+00 1.379140e-01 -4.621678e-18 1.399903e-01 0.000000e+00
5.280000e+00 1.387975e-01 9.424739e-19 1.408950e-01 0.000000e+00
5.300000e+00 1.396673e-01 -2.008645e-17 1.417861e-01 0.000000e+00
5.320000e+00 1.405224e-01 -2.969176e-18 1.426631e-01 0.000000e+00
5.340000e+00 1.413623e-01 -7.011763e-19 1.435251e-01 0.000000e+00
5.360000e+00 1.421860e-01 -9.304468e-18 1.443713e-01 0.000000e+00
5.380000e+00 1.429930e-01 -6.935656e-18 1.452011e-01 0.000000e+00
5.400000e+00 1.437824e-01 -4.051075e-18 1.460137e-01 0.000000e+00
5.420000e+00 1.445534e-01 -7.537568e-18 1.468084e-01 0.000000e+00
5.440000e+00 1.453054e-01 -1.831888e-18 1.475843e-01 0.000000e+00
5.460000e+00 1.460375e-01 -1.640437e-17 1.483409e-01 0.000000e+00
5.480000e+00 1.467492e-01 2.936053e-18 1.490773e-01 0.000000e+00
5.500000e+00 1.474395e-01 9.908059e-18 1.497929e-01 0.000000e+00
5.520000e+00 1.481079e-01 -8.879164e-18 1.504869e-01 0.000000e+00
5.540000e+00 1.487536e-01 -2.777353e-18 1.511587e-01 0.000000e+00
5.560000e+00 1.493759e-01 -9.996588e-18 1.518075e-01 0.000000e+00
5.580000e+00 1.499741e-01 -2.404521e-18 1.524327e-01 0.000000e+00
5.600000e+00 1.505477e-01 -5.026913e-18 1.530336e-01 0.000000e+00
5.620000e+00 1.510958e-01 -1.687051e-17 1.536096e-01 0.000000e+00
5.640000e+00 1.516180e-01 -8.155080e-18 1.541602e-01 0.000000e+00
5.660000e+00 1.521135e-01 3.720034e-18 1.546846e-01 0.000000e+00
5.680000e+00 1.525818e-01 -1.100256e-17 1.551823e-01 0.000000e+00
5.700000e+00 1.530224e-01 -5.582723e-18 1.556528e-01 0.000000e+00
5.720000e+00 1.534347e-01 -4.362034e-18 1.560955e-01 0.000000e+00
5.740000e+00 1.538182e-01 -9.106488e-18 1.565099e-01 0.000000e+00
5.760000e+00 1.541724e-01 -4.789938e-18 1.568956e-01 0.000000e+00
5.780000e+00 1.544969e-01 -2.395273e-17 1.572522e-01 0.000000e+00
5.800000e+00 1.547912e-01 -1.747509e-18 1.575792e-01 0.000000e+00
5.820000e+00 1.550549e-01 -6.353780e-19 1.578761e-01 0.000000e+00
5.840000e+00 1.552878e-01 -9.714498e-18 1.581428e-01 0.000000e+00
5.860000e+00 1.554893e-01 1.368057e-19 1.583789e-01 0.000000e+00
5.880000e+00 1.556594e-01 -7.205384e-18 1.585840e-01 0.000000e+00
5.900000e+00 1.557976e-01 -9.679632e-18 1.587580e-01 0.000000e+00
5.920000e+00 1.559039e-01 -9.827410e-18 1.589007e-01 0.000000e+00
5.940000e+00 1.559779e-01 -1.745066e-17 1.590118e-01 0.000000e+00
5.960000e+00 1.560195e-01 2.981552e-18 1.590913e-01 0.000000e+00
5.980000e+00 1.560287e-01 3.240264e-18 1.591390e-01 0.000000e+00
6.000000e+00 1.560054e-01 4.136799e-19 1.591549e-01 0.000000e+00
6.020000e+00 1.559495e-01 -6.262329e-18 1.591390e-01 0.000000e+00
6.040000e+00 1.558610e-01 -3.902356e-18 1.590913e-01 0.000000e+00
6.060000e+00 1.557399e-01 -1.143696e-17 1.590118e-01 0.000000e+00
6.080000e+00 1.555864e-01 -1.259740e-18 1.589007e-01 0.000000e+00
6.100000e+00 1.554006e-01 -2.473172e-17 1.587580e-01 0.000000e+00
6.120000e+00 1.551825e-01 -6.078649e-19 1.585840e-01 0.000000e+00
6.140000e+00 1.549324e-01 -2.750240e-18 1.583789e-01 0.000000e+00
6.160000e+00 1.546506e-01 -5.595295e-18 1.581428e-01 0.000000e+00
6.180000e+00 1.543372e-01 -3.860547e-18 1.578761e-01 0.000000e+00
6.200000e+00 1.539925e-01 -1.138315e-19 1.575792e-01 0.000000e+00
6.220000e+00 1.536170e-01 -8.701790e-18 1.572522e-01 0.000000e+00
6.240000e+00 1.532108e-01 -4.584969e-18 1.568956e-01 0.000000e+00
6.260000e+00 1.527745e-01 -2.069362e-17 1.565099e-01 0.000000e+00
6.280000e+00 1.523084e-01 -1.204700e-18 1.560955e-01 0.000000e+00
6.300000e+00 1.518130e-01 6.838325e-18 1.556528e-01 0.000000e+00
6.320000e+00 1.512888e-01 -7.145847e-18 1.551823e-01 0.000000e+00
6.340000e+00 1.507362e-01 -3.061321e-18 1.546846e-01 0.000000e+00
6.360000e+00 1.501558e-01 -1.137514e-17 1.541602e-01 0.000000e+00
6.380000e+00 1.495481e-01 -9.370481e-18 1.536096e-01 0.000000e+00
6.400000e+00 1.489136e-01 -8.895985e-18 1.530336e-01 0.000000e+00
6.420000e+00 1.482531e-01 -2.091789e-17 1.524327e-01 0.000000e+00
6.440000e+00 1.475670e-01 -7.647632e-18 1.518075e-01 0.000000e+00
6.460000e+00 1.468560e-01 -1.598428e-18 1.511587e-01 0.000000e+00
6.480000e+00 1.461208e-01 -9.382065e-18 1.504869e-01 0.000000e+00
6.500000e+00 1.453619e-01 -5.632551e-18 1.497929e-01 0.000000e+00
6.520000e+00 1.445801e-01 -4.098094e-18 1.490773e-01 0.000000e+00
6.540000e+00 1.437761e-01 -1.175044e-17 1.483409e-01 0.000000e+00
6.560000e+00 1.429504e-01 -1.400569e-17 1.475843e-01 0.000000e+00
6.580000e+00 1.421038e-01 -2.327833e-17 1.468084e-01 0.000000e+00
6.600000e+00 1.412370e-01 -3.890523e-18 1.460137e-01 0.000000e+00
6.620000e+00 1.403506e-01 -6.941006e-18 1.452011e-01 0.000000e+00
6.640000e+00 1.394455e-01 -8.658341e-18 1.443713e-01 0.000000e+00
6.660000e+00 1.385222e-01 -5.910948e-18 1.435251e-01 0.000000e+00
6.680000e+00 1.375815e-01 -7.930790e-18 1.426631e-01 0.000000e+00
6.700000e+00 1.366241e-01 -1.116770e-17 1.417861e-01 0.000000e+00
6.720000e+00 1.356507e-01 -4.368156e-18 1.408950e-01 0.000000e+00
6.740000e+00 1.346620e-01 -1.818368e-17 1.399903e-01 0.000000e+00
6.760000e+00 1.336587e-01 9.243280e-19 1.390728e-01 0.000000e+00
6.780000e+00 1.326414e-01 -1.337740e-18 1.381433e-01 0.000000e+00
6.800000e+00 1.316108e-01 3.567493e-18 1.372025e-01 0.000000e+00
6.820000e+00 1.305676e-01 -1.244593e-17 1.362511e-01 0.000000e+00
6.840000e+00 1.295125e-01 -5.904320e-18 1.352898e-01 0.000000e+00
6.860000e+00 1.284461e-01 -1.304224e-17 1.343193e-01 0.000000e+00
6.880000e+00 1.273690e-01 -1.270047e-18 1.333403e-01 0.000000e+00
6.900000e+00 1.262819e-01 -1.872105e-17 1.323534e-01 0.000000e+00
6.920000e+00 1.251854e-01 8.330222e-19 1.313593e-01 0.000000e+00
6.940000e+00 1.240801e-01 5.251732e-19 1.303587e-01 0.000000e+00
6.960000e+00 1.229665e-01 2.231264e-18 1.293522e-01 0.000000e+00
6.980000e+00 1.218453e-01 4.424094e-18 1.283404e-01 0.000000e+00
7.000000e+00 1.207170e-01 -1.576871e-18 1.273240e-01 0.000000e+00
7.020000e+00 1.195822e-01 -6.885640e-18 1.263034e-01 0.000000e+00
7.040000e+00 1.184413e-01 -8.042042e-18 1.252794e-01 0.000000e+00
7.060000e+00 1.172950e-01 -1.399015e-17 1.242524e-01 0.000000e+00
7.080000e+00 1.161437e-01 4.953491e-19 1.232231e-01 0.000000e+00
7.100000e+00 1.149879e-01 -2.338138e-18 1.221919e-01 0.000000e+00
7.120000e+00 1.138281e-01 -8.773532e-19 1.211594e-01 0.000000e+00
7.140000e+00 1.126648e-01 -4.533461e-18 1.201260e-01 0.000000e+00
7.160000e+00 1.114983e-01 -4.771528e-18 1.190923e-01 0.000000e+00
7.180000e+00 1.103292e-01 -8.630038e-18 1.180587e-01 0.000000e+00
7.200000e+00 1.091579e-01 -3.454547e-18 1.170257e-01 0.000000e+00
7.220000e+00 1.079847e-01 -1.673136e-17 1.159937e-01 0.000000e+00
7.240000e+00 1.068101e-01 -1.378734e-18 1.149631e-01 0.000000e+00
7.260000e+00 1.056344e-01 -2.064990e-18 1.139344e-01 0.000000e+00
7.280000e+00 1.044581e-01 -1.182100e-17 1.129079e-01 0.000000e+00
7.300000e+00 1.032815e-01 -6.703667e-19 1.118840e-01 0.000000e+00
7.320000e+00 1.021048e-01 -2.843530e-18 1.108630e-01 0.000000e+00
7.340000e+00 1.009286e-01 -9.529678e-18 1.098454e-01 0.000000e+00
7.360000e+00 9.975314e-02 -1.276267e-17 1.088313e-01 0.000000e+00
7.380000e+00 9.857869e-02 -2.220567e-17 1.078212e-01 0.000000e+00
7.400000e+00 9.740561e-02 -1.059288e-18 1.068154e-01 0.000000e+00
7.420000e+00 9.623420e-02 -6.598034e-18 1.058141e-01 0.000000e+00
7.440000e+00 9.506479e-02 -3.076051e-18 1.048175e-01 0.000000e+00
7.460000e+00 9.389766e-02 -6.912636e-18 1.038260e-01 0.000000e+00
7.480000e+00 9.273311e-02 -1.281800e-18 1.028398e-01 0.000000e+00
7.500000e+00 9.157145e-02 -9.859084e-18 1.018592e-01 0.000000e+00
7.520000e+00 9.041295e-02 8.432337e-19 1.008842e-01 0.000000e+00
7.540000e+00 8.925793e-02 -1.284360e-17 9.991521e-02 0.000000e+00
7.560000e+00 8.810665e-02 3.582305e-18 9.895234e-02 0.000000e+00
7.580000e+00 8.695942e-02 -7.607295e-18 9.799578e-02 0.000000e+00
7.600000e+00 8.581652e-02 -5.590159e-18 9.704570e-02 0.000000e+00
7.620000e+00 8.467825e-02 -1.454120e-17 9.610225e-02 0.000000e+00
7.640000e+00 8.354489e-02 -1.529421e-17 9.516560e-02 0.000000e+00
7.660000e+00 8.241674e-02 -2.256153e-17 9.423586e-02 0.000000e+00
7.680000e+00 8.129409e-02 -4.278101e-18 9.331317e-02 0.000000e+00
7.700000e+00 8.017725e-02 -2.262104e-17 9.239764e-02 0.000000e+00
7.720000e+00 7.906651e-02 -3.879770e-18 9.148939e-02 0.000000e+00
7.740000e+00 7.796218e-02 -2.048538e-17 9.058850e-02 0.000000e+00
7.760000e+00 7.686457e-02 -1.083928e-17 8.969508e-02 0.000000e+00
7.780000e+00 7.577398e-02 -7.631977e-18 8.880919e-02 0.000000e+00
7.800000e+00 7.469071e-02 -6.724366e-18 8.793091e-02 0.000000e+00
7.820000e+00 7.361510e-02 -1.270088e-17 8.706030e-02 0.000000e+00
7.840000e+00 7.254744e-02 -8.948033e-18 8.619743e-02 0.000000e+00
7.860000e+00 7.148804e-02 -1.499511e-17 8.534235e-02 0.000000e+00
7.880000e+00 7.043723e-02 -5.726536e-18 8.449509e-02 0.000000e+00
7.900000e+00 6.939530e-02 -4.520429e-18 8.365569e-02 0.000000e+00
7.920000e+00 6.836257e-02 -1.273171e-17 8.282418e-02 0.000000e+00
7.940000e+00 6.733935e-02 -9.406774e-18 8.200059e-02 0.000000e+00
7.960000e+00 6.632592e-02 -1.573831e-17 8.118493e-02 0.000000e+00
7.980000e+00 6.532258e-02 -1.304177e-17 8.037722e-02 0.000000e+00
8.000000e+00 6.432962e-02 -1.006498e-17 7.957747e-02 0.000000e+00
8.020000e+00 6.334732e-02 -1.601670e-17 7.878568e-02 0.000000e+00
8.040000e+00 6.237594e-02 -6.495298e-18 7.800183e-02 0.000000e+00
8.060000e+00 6.141574e-02 -1.191020e-17 7.722594e-02 0.000000e+00
8.080000e+00 6.046696e-02 -1.057999e-17 7.645799e-02 0.000000e+00
8.100000e+00 5.952984e-02 -1.339239e-17 7.569795e-02 0.000000e+00
8.120000e+00 5.860459e-02 -8.317226e-18 7.494582e-02 0.000000e+00
8.140000e+00 5.769142e-02 -1.301377e-17 7.420157e-02 0.000000e+00
8.160000e+00 5.679051e-02 -1.560097e-17 7.346517e-02 0.000000e+00
8.180000e+00 5.590204e-02 -2.009322e-17 7.273659e-02 0.000000e+00
8.200000e+00 5.502615e-02 -8.109904e-18 7.201581e-02 0.000000e+00
8.220000e+00 5.416298e-02 -1.620713e-17 7.130278e-02 0.000000e+00
8.240000e+00 5.331265e-02 -1.329908e-17 7.059747e-02 0.000000e+00
8.260000e+00 5.247526e-02 -6.344459e-18 6.989984e-02 0.000000e+00
8.280000e+00 5.165088e-02 -3.105375e-19 6.920984e-02 0.000000e+00
8.300000e+00 5.083959e-02 -7.611427e-18 6.852742e-02 0.000000e+00
8.320000e+00 5.004143e-02 -1.603199e-18 6.785255e-02 0.000000e+00
8.340000e+00 4.925642e-02 -8.064211e-18 6.718517e-02 0.000000e+00
8.360000e+00 4.848457e-02 -2.858734e-18 6.652522e-02 0.000000e+00
8.380000e+00 4.772587e-02 -1.082769e-17 6.587266e-02 0.000000e+00
8.400000e+00 4.698031e-02 -5.794380e-19 6.522744e-02 0.000000e+00
8.420000e+00 4.624784e-02 -1.644479e-17 6.458948e-02 0.000000e+00
8.440000e+00 4.552840e-02 -1.446801e-17 6.395875e-02 0.000000e+00
8.460000e+00 4.482192e-02 -2.386496e-17 6.333517e-02 0.000000e+00
8.480000e+00 4.412833e-02 -8.757996e-18 6.271869e-02 0.000000e+00
8.500000e+00 4.344752e-02 -1.419893e-17 6.210925e-02 0.000000e+00
8.520000e+00 4.277939e-02 -7.268963e-18 6.150678e-02 0.000000e+00
8.540000e+00 4.212381e-02 -1.588375e-17 6.091123e-02 0.000000e+00
8.560000e+00 4.148067e-02 -6.715203e-18 6.032252e-02 0.000000e+00
8.580000e+00 4.084981e-02 -7.864094e-18 5.974060e-02 0.000000e+00
8.600000e+00 4.023109e-02 -3.716766e-18 5.916541e-02 0.000000e+00
8.620000e+00 3.962436e-02 -7.142863e-18 5.859686e-02 0.000000e+00
8.640000e+00 3.902945e-02 -8.332178e-18 5.803491e-02 0.000000e+00
8.660000e+00 3.844619e-02 -9.155802e-18 5.747948e-02 0.000000e+00
8.680000e+00 3.787441e-02 1.242137e-18 5.693051e-02 0.000000e+00
8.700000e+00 3.731393e-02 -7.170014e-18 5.638793e-02 0.000000e+00
8.720000e+00 3.676457e-02 -9.685438e-18 5.585168e-02 0.000000e+00
8.740000e+00 3.622614e-02 -6.255363e-18 5.532168e-02 0.000000e+00
8.760000e+00 3.569845e-02 -1.299802e-17 5.479787e-02 0.000000e+00
8.780000e+00 3.518131e-02 -8.464732e-18 5.428019e-02 0.000000e+00
8.800000e+00 3.467454e-02 -8.077132e-18 5.376856e-02 0.000000e+00
8.820000e+00 3.417793e-02 -1.187345e-17 5.326292e-02 0.000000e+00
8.840000e+00 3.369130e-02 -4.239001e-18 5.276321e-02 0.000000e+00
8.860000e+00 3.321444e-02 -1.621723e-17 5.226935e-02 0.000000e+00
8.880000e+00 3.274717e-02 -1.138470e-17 5.178128e-02 0.000000e+00
8.900000e+00 3.228929e-02 -1.036491e-17 5.129893e-02 0.000000e+00
8.920000e+00 3.184061e-02 -8.395866e-18 5.082225e-02 0.000000e+00
8.940000e+00 3.140094e-02 -1.304145e-17 5.035115e-02 0.000000e+00
8.960000e+00 3.097009e-02 -1.827856e-17 4.988558e-02 0.000000e+00
8.980000e+00 3.054787e-02 -1.682578e-17 4.942547e-02 0.000000e+00
9.000000e+00 3.013410e-02 -7.728488e-18 4.897075e-02 0.000000e+00
9.020000e+00 2.972860e-02 -1.239120e-17 4.852137e-02 0.000000e+00
9.040000e+00 2.933119e-02 -3.978791e-18 4.807725e-02 0.000000e+00
9.060000e+00 2.894168e-02 -1.461017e-17 4.763834e-02 0.000000e+00
9.080000e+00 2.855990e-02 -5.012579e-18 4.720457e-02 0.000000e+00
9.100000e+00 2.818569e-02 -1.065754e-17 4.677588e-02 0.000000e+00
9.120000e+00 2.781886e-02 -1.712327e-18 4.635221e-02 0.000000e+00
9.140000e+00 2.745926e-02 -7.994570e-18 4.593349e-02 0.000000e+00
9.160000e+00 2.710672e-02 6.085226e-18 4.551966e-02 0.000000e+00
9.180000e+00 2.676108e-02 -9.411948e-18 4.511067e-02 0.000000e+00
9.200000e+00 2.642219e-02 -4.492982e-19 4.470644e-02 0.000000e+00
9.220000e+00 2.608989e-02 -8.124955e-18 4.430694e-02 0.000000e+00
9.240000e+00 2.576403e-02 -4.693424e-18 4.391208e-02 0.000000e+00
9.260000e+00 2.544446e-02 -1.454943e-17 4.352182e-02 0.000000e+00
9.280000e+00 2.513103e-02 -1.105963e-17 4.313610e-02 0.000000e+00
9.300000e+00 2.482362e-02 -2.272943e-18 4.275485e-02 0.000000e+00
9.320000e+00 2.452207e-02 -1.308762e-18 4.237803e-02 0.000000e+00
9.340000e+00 2.422626e-02 -1.293477e-17 4.200558e-02 0.000000e+00
9.360000e+00 2.393605e-02 -3.988037e-18 4.163744e-02 0.000000e+00
9.380000e+00 2.365132e-02 -9.218200e-18 4.127355e-02 0.000000e+00
9.400000e+00 2.337193e-02 -5.236538e-18 4.091387e-02 0.000000e+00
9.420000e+00 2.309777e-02 4.757494e-18 4.055833e-02 0.000000e+00
9.440000e+00 2.282872e-02 -8.724327e-18 4.020689e-02 0.000000e+00
9.460000e+00 2.256465e-02 -2.170008e-18 3.985949e-02 0.000000e+00
9.480000e+00 2.230546e-02 1.291118e-18 3.951607e-02 0.000000e+00
9.500000e+00 2.205103e-02 -5.769016e-18 3.917660e-02 0.000000e+00
9.520000e+00 2.180126e-02 -9.981929e-18 3.884102e-02 0.000000e+00
9.540000e+00 2.155604e-02 -6.325837e-18 3.850927e-02 0.000000e+00
9.560000e+00 2.131527e-02 -2.241036e-18 3.818130e-02 0.000000e+00
9.580000e+00 2.107884e-02 -8.290258e-19 3.785708e-02 0.000000e+00
9.600000e+00 2.084666e-02 -6.069842e-18 3.753654e-02 0.000000e+00
9.620000e+00 2.061863e-02 -9.055080e-18 3.721965e-02 0.000000e+00
9.640000e+00 2.039467e-02 3.842729e-18 3.690635e-02 0.000000e+00
9.660000e+00 2.017467e-02 -7.774434e-18 3.659660e-02 0.000000e+00
9.680000e+00 1.995855e-02 -1.662330e-17 3.629035e-02 0.000000e+00
9.700000e+00 1.974623e-02 4.483436e-18 3.598755e-02 0.000000e+00
9.720000e+00 1.953762e-02 -5.083528e-18 3.568817e-02 0.000000e+00
9.740000e+00 1.933263e-02 -5.293655e-18 3.539215e-02 0.000000e+00
9.760000e+00 1.913120e-02 -1.553189e-17 3.509945e-02 0.000000e+00
9.780000e+00 1.893323e-02 -2.788190e-18 3.481003e-02 0.000000e+00
9.800000e+00 1.873866e-02 1.886281e-18 3.452385e-02 0.000000e+00
9.820000e+00 1.854741e-02 -1.153304e-17 3.424086e-02 0.000000e+00
9.840000e+00 1.835942e-02 -4.837294e-18 3.396102e-02 0.000000e+00
9.860000e+00 1.817460e-02 -1.557032e-17 3.368430e-02 0.000000e+00
9.880000e+00 1.799289e-02 3.826879e-18 3.341064e-02 0.000000e+00
9.900000e+00 1.781422e-02 -7.341903e-18 3.314002e-02 0.000000e+00
9.920000e+00 1.763854e-02 -5.798701e-19 3.287239e-02 0.000000e+00
9.940000e+00 1.746577e-02 -2.102412e-18 3.260770e-02 0.000000e+00
9.960000e+00 1.729585e-02 3.460243e-18 3.234594e-02 0.000000e+00
9.980000e+00 1.712873e-02 -4.258030e-19 3.208704e-02 0.000000e+00
